0.0292517785081333 2.849595598376119e-06 2.0802784148846687e-07 3.0174313878717467e-07
0.0585035570162666 3.662280877657216e-06 1.39798128821919e-06 2.0427749762136264e-06
0.0877553355243999 4.3576475232078874e-06 2.8631694457519907e-06 8.123937782267863e-06
0.1170071140325332 7.2744324944806045e-06 4.149852037372519e-06 5.0403360015920696e-06
0.14625889254066649 1.0661637473917205e-05 5.596760756453144e-06 5.5583140809528e-06
0.1755106710487998 1.9349847414533192e-05 1.666749168755729e-05 2.2985435508530254e-05
0.2047624495569331 1.1300208776935183e-05 1.254367731411887e-05 2.0765794583514564e-05
0.2340142280650664 2.5896393994791346e-05 1.962961971626851e-05 2.5268481423347343e-05
0.2632660065731997 2.0740500215446126e-05 1.4065389741215536e-05 1.4711753055458969e-05
0.29251778508133297 2.9084967902868207e-05 2.3470396584988076e-05 3.155687560055254e-05
0.3217695635894663 2.642687528503207e-05 3.676172966361892e-05 6.70302561057767e-05
0.3510213420975996 2.7754853570196216e-05 2.1602983717293202e-05 2.4173308702498223e-05
0.3802731206057329 5.1000241695989624e-05 0.00010019821822368163 0.0002643724179012889
0.4095248991138662 3.647031229298417e-05 4.081087162343153e-05 5.4148154148132095e-05
0.4387766776219995 4.435356992183283e-05 4.5108795496447166e-05 5.943259874202895e-05
0.4680284561301328 7.776636492751822e-05 9.957775432774324e-05 0.00014009406243587063
0.4972802346382661 9.076670145078879e-05 0.00011653113856803544 0.0001648882465038932
0.5265320131463994 8.966407322207206e-05 0.00011505904990407478 0.0001969505996725
0.5557837916545327 7.550180413995858e-05 6.60662251767623e-05 6.616608644915047e-05
0.5850355701626659 9.253085344138272e-05 0.00010206343256340961 0.00014777267595834174
0.6142873486707993 0.00010401251749547478 0.0001202457924851156 0.00020737409957122133
0.6435391271789326 2.9631030334860534e-05 1.9192635393150097e-05 1.9487858447849415e-05
0.6727909056870659 0.00010091881270854408 6.435479953897581e-05 7.465508954411938e-05
0.7020426841951992 5.94038447426278e-05 5.402848673590998e-05 7.123919801186103e-05
0.7312944627033324 8.155347616909355e-05 9.376311352753496e-05 0.00013271282935088893
0.7605462412114657 0.00011673032511982142 0.0001633333354068854 0.0002945455313355529
0.7897980197195991 7.94035421912153e-05 9.360748966197633e-05 0.00012145170997099134
0.8190497982277324 0.00014760590365246127 0.0002203768663151462 0.000393321865997105
0.8483015767358657 0.00016096584114299857 0.00010859808716423291 0.00011331656920793644
0.877553355243999 0.00023809528779160426 0.00028116043536119374 0.0007176541898536136
0.9068051337521322 7.608444207710474e-05 7.096016484942641e-05 9.780419233357694e-05
0.9360569122602656 0.00012803789758986542 0.00010488332751224258 0.00010423163879674143
0.9653086907683989 0.00013295208231447347 0.00016163780689368691 0.00021930853410970293
0.9945604692765322 0.00010853448173528644 9.695036029630959e-05 0.00015820542535914962
1.0238122477846654 0.00016435957111444175 0.00024374054664176773 0.0006283049980975807
1.0530640262927988 0.00024166287960461304 0.00030557276396574445 0.00036271401586058664
1.082315804800932 0.00026543171568909273 0.00021845587771003163 0.00026908146285355573
1.1115675833090655 0.00017198785848942315 0.0001579680691032606 0.00017453323113779306
1.1408193618171987 0.00017526477188367593 0.00019404585163871666 0.00026284631101282065
1.1700711403253319 0.00022497542986720263 0.00018052711800424062 0.00019765895164496023
1.1993229188334653 0.0004929911211988088 0.0006494143878859293 0.0011112957612417825
1.2285746973415985 0.00033643974396309947 0.0005167389216749865 0.0009026755394654236
1.257826475849732 7.525019082225862e-05 7.981854024907841e-05 9.280228967216753e-05
1.2870782543578652 0.00018943639263577794 0.0002012957653926711 0.00026519600124877386
1.3163300328659984 0.00027947996910413576 0.00027675531957323414 0.00037258378542257627
1.3455818113741318 0.0003380042484088503 0.0003038826354918924 0.0004208824236446134
1.374833589882265 0.0003387957265034474 0.00020313077129117165 0.00017845637565552772
1.4040853683903984 0.00033725494483499176 0.0005212688810466367 0.0009494131697758307
1.4333371468985316 9.51808546149285e-05 0.00016023289699137842 0.0002880686880034465
1.4625889254066649 0.0001835469743796303 0.0001254033648905682 0.0001615897353213722
1.4918407039147983 0.0004581454002437243 0.0004899508105035666 0.0006583329614915543
1.5210924824229315 0.00023701280603756123 0.0002769149988611035 0.00037427494093744527
1.550344260931065 0.00012163669472865152 0.00010700339351457221 0.00013919155283360045
1.5795960394391981 0.00043392875470660796 0.0004546496560208217 0.0005988560632777362
1.6088478179473316 0.00018833507267449617 0.00020175950701894831 0.0002654472944751555
1.6380995964554648 0.00020020049502509284 0.0002978952705962808 0.0005353696869757618
1.667351374963598 0.0002418634144956948 0.00032828645792967027 0.00047468002663327447
1.6966031534717314 0.00021194734568527753 0.00019882913458087753 0.00022485915271627514
1.7258549319798646 0.00015128668054961985 0.00016958423330610867 0.000234328214131962
1.755106710487998 0.0002086165404450765 0.00017660872260904655 0.0002339008430986819
1.7843584889961313 0.0002474461071656221 0.00029787101689049617 0.0003939944801795219
1.8136102675042645 4.467355338629079e-05 5.2930109795637354e-05 9.178675619145705e-05
1.842862046012398 9.33776131158119e-05 7.3889783605115e-05 7.758168613165272e-05
1.872113824520531 0.00014815674304814188 0.0001574256286413635 0.00020287448364521589
1.9013656030286645 3.5106947277985645e-05 3.645572819622834e-05 6.118592762654279e-05
1.9306173815367977 7.66800540827545e-05 6.675116624381513e-05 8.535866504986913e-05
1.959869160044931 9.306903521615044e-05 9.09069540597639e-05 0.00011985462100886024
1.9891209385530644 0.0001217057382197503 0.00013664393646429905 0.00018155633827970845
2.018372717061198 2.3646931668810737e-05 2.4300860670833906e-05 4.4630741256902747e-05
2.047624495569331 9.350262121697398e-05 0.00011143695997724839 0.00015634550557546277
2.0768762740774642 0.0001361545436805336 9.24673784213854e-05 7.931477858457625e-05
2.1061280525855977 0.00011588982476911684 8.024820849657859e-05 8.226550550733753e-05
2.1353798310937306 9.052012835807979e-05 0.00010383643967341681 0.00014436785763981264
2.164631609601864 9.499298952055332e-05 0.00010645390139991638 0.00015032486828227203
2.1938833881099975 9.961859767114022e-05 0.0001259215180854686 0.00032371860756907894
2.223135166618131 0.00011943438830682992 0.00012527724044609693 0.00016911139213757046
2.252386945126264 5.2360979226600556e-05 8.223549978421986e-05 0.0001404311335782278
2.2816387236343973 0.00011451857552869812 0.00015018501549959268 0.000203453346443602
2.310890502142531 5.582516053541515e-05 5.9033383612606045e-05 8.456172421255546e-05
2.3401422806506638 5.470843564940585e-05 6.769378353501952e-05 0.00012211566603684127
