δ=10000.0
ΩR=1.0000000000000002
Ωprime=1.0000000000000002
62831853071.79586
628318530.7179587
628318530.7179587
99.99999999999999
4.999999999999999e-07
0
6.079616590410851e-20
0.9997371407464926
-------
1
2.4318466361643404e-19
0.998364081923555
-------
2
5.471654931369764e-19
0.9955933910575923
-------
3
9.727386544657362e-19
0.9965373008062623
-------
4
1.5199041476027129e-18
0.9932714040018813
-------
5
2.1886619725479057e-18
0.9907633845920664
-------
6
2.979012129301317e-18
0.9810838665454868
-------
7
3.8909546178629446e-18
0.9660041908673904
-------
8
