0.000759326875564947
0.0006406734894804697
0.00013729171375500077
0.0004123307955120329
0.0001754402903238137
0.003389676533040895
0.00022639013028323576
0.00028233234299978325
0.001969874179489491
0.0024362729285945634
0.00016952775818678884
0.0020738273519668262
0.00012144855235301784
0.0005716376400116739
2.0447195596275846e-05
0.0010794088775840929
1.1026602585648618e-05
0.001771844723630679
5.855981577156699e-05
0.00011889062504164768
0.0015701252948600757
0.00023891534889417576
0.0002005266131919045
0.000613463715694228
0.0006696323440693876
0.0006470413448589884
0.0006132485121924919
1.1527542334556919e-05
2.5713962618688165e-06
0.003139426856704284
0.0016954914466867034
1.2722391608818637e-05
2.0450007466847066e-05
0.00013836999509033574
0.0010163440665732798
0.00031901674624620495
0.0010510602031048241
0.0006186273502048306
0.004139440801731389
0.0015169867227948623
0.0034944735116149996
0.0003060194548483222
4.598382949838455e-05
0.0005593176739066984
0.0009448935092079936
0.0016830474840231707
3.789583545958879e-07
0.0001175193779217494
0.00036695206500442023
0.002385263358669852
7.13532371971852e-05
0.0005784540680050037
2.5788921037850367e-06
0.00015601689188698368
8.977702289071311e-07
3.9869271518197515e-06
0.00022902383297706232
0.00019570709544373241
0.0003880009254591353
3.786362463139153e-05
0.0007003702168902025
0.0008888245042438351
4.561308889906577e-06
0.0017099199538489712
2.0458123988817507e-05
0.0030090287304601958
0.0005504602664649788
0.0005696078544081512
0.0008429554428349312
1.2773705959366539e-08
0.00035902552076443495
7.830259072794202e-05
0.002602032425798345
1.8766860474652543e-05
0.00020947052032727845
0.0007741611330072796
4.3620816226299446e-05
0.0001445988211337066
8.287348305584475e-05
0.003354747879346183
0.000576822151615755
6.117319999961934e-05
0.0004006892513053411
0.00032935173546617963
0.0006375697945032694
0.0002412980340449594
0.0022061011459345954
0.0002686965553846738
2.0616228266715402e-05
0.0006508246217337042
3.732302064862509e-06
1.321545665187137e-05
0.001845331851493372
4.010589947665505e-06
0.000359330768711428
2.9868561094030903e-06
0.0010338706006231357
2.4669519489641788e-05
0.005260002283545707
0.0014242558766235727
0.00034115539602476875
0.002092521052098136
0.0033319986262089324
0.00010327147911622913
0.00014467021915193028
0.0017704217045257803
0.0006422196370746027
0.002315439913667699
0.0006676518730829898
0.0005610801871101881
3.5874503936560784e-05
0.0009083155209956309
0.0007223727595658288
1.4209580847673155e-07
0.00047510711138656187
7.895934787902358e-05
0.0002335444382587247
9.676213618324684e-05
0.0005484528606384693
0.0002952780619457646
4.594048546676479e-07
0.00029926522988358765
0.0022288288203958563
5.3696681686152664e-05
6.987104215210904e-06
0.0005836962637963019
0.00030367166831033317
0.00016338889091194696
0.0003856474085881051
0.0011484373174313776
0.00020123588743266215
0.0005236301689453707
0.00022334377380939653
1.9936346239520565e-05
2.9642450161078222e-05
0.0005900121543817352
6.683377829256476e-05
0.0004506740179510675
0.0006469444157033137
4.0261347184757676e-07
0.00010276827895804457
0.0001103421001380514
8.047986435928545e-05
7.32930143528347e-05
6.440131127505035e-05
0.0006864600384062372
0.0007467560743376822
0.00010796335363226286
6.857435194199386e-05
0.0018228257713072398
0.0016891305790917835
0.001108427483741655
4.1850306549451196e-05
0.0001389685507895609
0.0001377194706419125
0.000128471229699668
0.002330838264999938
3.841617490943805e-06
0.0002226306991821059
1.6375010501191755e-05
0.0015640316150806123
0.0009786214836753166
0.003967112600560838
0.0032953863840952144
0.0006763782277436748
0.0006506478535570929
0.002234044750835511
0.0027625534305781825
7.342639471601983e-06
0.0048485173814577865
0.0007561986258270421
8.857383756390034e-05
0.0003761049262574278
8.853600662643686e-05
0.0037198530406527654
0.0018317600511141316
0.00011999281912022343
0.0005632041296056624
0.0004513917525706491
8.867577017700464e-06
0.0008723199354398789
4.236359142086611e-05
0.0022609540498016853
2.6112724937648424e-05
0.0003991748144751295
1.1050687787555471e-05
0.0011238224597305412
0.0011058030884787292
0.002610588542207635
0.0006003624699776892
0.0009824848759039605
0.001809058649614302
0.0003820693506290988
0.002720580818995554
6.631525156093995e-07
0.0006851812876864204
0.00013778506685220357
0.00017336449465974287
2.907310610847151e-06
5.123009715092026e-05
