0.0033560702606926797
0.0011288812041999414
0.0020038069988240763
0.0019404371424925973
0.001949756375567644
0.0037475435431511724
0.0020217538026417094
0.00030990540447190255
0.0017182990075565628
0.0024745789672875563
0.0041496224711603915
0.0005882450992990638
0.0010704450627658235
0.00046804190219975906
0.0008143711767313745
0.006816234357969864
0.005786460082997625
0.006795656904118788
0.0028278196217223057
0.0005975057267648343
0.0028143379564533307
0.0018809689690214473
0.0031484778322662514
0.004655428927241927
0.0026445016500452057
0.0012448270778300065
0.0006666659430314885
0.0020110431823976657
0.0017186574655707562
0.0020817427291147488
0.0006397247983642911
0.0006592725314043995
0.002098901631950773
0.003705835673868822
0.00125566748767133
0.0012521345762206084
0.00251788914960982
0.001896284711461366
0.0015075680282758924
0.001564418435649463
0.0051077518328000275
0.0024410767000061307
0.004152501278905208
0.002292333876031235
0.0005034309409200612
0.0026208714344795707
0.005143397948278289
0.0051041312474437595
0.000628495048214342
0.005531613649113098
0.002739488995735374
0.00035167864137787644
0.0005945560690408643
0.00362098932121053
0.0004296505075899001
0.006777930628453415
0.0023062172764881333
0.003190733917788358
0.005616549771585532
0.0007691959965913796
0.0003330309200963247
0.0032368895106408883
0.0022429590713660286
0.004389613817222502
0.0015978285002067744
0.004389444337658727
0.003288716280721293
0.0008214733496492682
0.007543247455210805
0.0038481232212026367
0.0006943959921716274
0.008029047297197622
0.001217660047114909
0.000837797528835635
0.00291021916375336
0.0021442608650732806
0.002556581640053592
0.001870569396889654
0.00040162724817606547
0.0013703053493135605
0.0023894086294149563
0.0006627011668575987
0.0036735005234363486
0.007535613288034892
0.0018646369106424486
0.0026837150992348163
0.0010246544491270058
0.005457121266276996
0.0014525029764277046
0.003166384099641892
0.0016949644632705304
0.002949858895561315
0.0018625139206353515
0.0015782259844828765
0.0019154090005070036
0.0021202712140004783
0.004382118747030742
0.001636284767753242
0.0013261112626253733
0.0008015168893361074
0.0030264830826375122
0.002384801364452829
0.005547612861684685
0.001412271385384142
0.00545597258117766
0.0012045965230494137
0.0019218267041481688
0.002673998009605598
0.0036905190884907605
0.0012984448895842049
0.002443471331408593
0.0011716743186941981
0.0018115280662373437
0.0019915743784124076
0.0055190333048587325
0.004870806641622781
0.0038323424543587462
0.0014422619613990943
0.0007174948479097642
0.000468241146636737
0.002428113023203326
0.00090152225086851
0.000950146263964877
0.0031418278542950985
0.001883131487115899
0.005574819802050778
0.0018291149197774087
0.001317813941545365
0.0022234773431233806
0.003963487990301988
0.0008575336716142579
0.0009543417075010062
0.00048352940829405765
0.003792135313260026
0.005307213788617139
0.003048283766880587
0.0025322420592164864
0.009236451220605802
0.0022707369172421227
0.007335685064601615
0.002297149855165681
0.00037678776312072916
0.0014395126986550082
0.0013013713486884633
0.0003817342323350778
0.004721775692172316
0.00038572633272961087
0.000555891691384153
0.0012365767381740755
0.00035788363885813374
0.004087179844965296
0.0009830826703998942
0.0069126204338469015
0.00460237668434622
0.0015994344253141492
0.002455138302931424
0.0056800333191376
0.002799407267381626
0.0026695522145557837
0.0021137386708006078
0.002503168666189733
0.001036536758009784
0.0003687226642903056
0.0012874326703115647
0.0014257332267572692
0.001478420556341946
0.0026644432984624547
0.0005172409344293891
0.005067137006698691
0.0030887630396819266
0.002240342158123695
0.002566971997794342
0.0004183471777281767
0.0013815963526738514
0.0004319539699235269
0.00040118888398909316
0.004956361346253407
0.0007176891414772842
0.0042118729123606004
0.0054485703198939965
0.0016024490293128591
0.0012439075195718676
0.0010233134312960638
0.0011333482957220909
0.0027927783559107753
0.0018451937426183745
0.0012064626060601066
0.004827072348292331
0.004842832558466025
0.000510906582393548
0.003440711762008519
0.0014553692532463102
0.0003469969987846724
0.0011851727573039977
0.002162784078471262
0.001977488685936028
0.005543241583103949
0.0013704277764981497
0.004628116764075588
0.002662889105548244
