0.0014313865829945819
1.2094649452592924e-05
0.0023857697894269845
9.404466155879908e-05
0.0007605176043653015
0.0003735151129125958
0.00011680867074599023
0.0004631144946850038
8.771198600530335e-05
0.0013491505249861831
3.275606118256561e-05
0.0008944566582941517
0.00031698690375563506
7.326631858662237e-07
0.0004067960737878322
0.00027970553704835917
2.7090155186748966e-05
0.0008034332973061171
3.528041235379516e-05
0.0001452007252765862
0.0003867785830465452
0.001792798007128531
0.0006817473538671316
5.8712438430692235e-06
9.322065860899279e-05
0.0008270272376972132
0.0016924032252080567
0.002524949610947381
5.644139284988164e-05
0.0010311968340221134
0.0005423160547071399
4.319047351660533e-05
0.0005864550066645666
1.0120016214598105e-05
0.0001590591944004079
0.00035509551012121723
0.0001071106848462809
0.0012331121719362497
0.001047931164095417
0.0005323661135097638
3.567210321720045e-05
8.922380452957806e-05
3.376958265824545e-05
0.0014845573743166045
0.0014461448276538334
0.000833223904245626
0.004343698386763974
0.00027254228819931225
6.949681802050938e-05
0.0019105644138762716
0.0006838489571506373
1.1148298765752693e-05
0.003040211164742361
0.000799839062461964
0.0006640799641737655
0.0017894447029070126
2.233276929642197e-06
0.0003151965387885234
2.0838616859873466e-05
4.643086708006068e-05
0.00014386157825784459
0.0016023676266697963
5.9019197289005194e-06
0.001486126320281378
5.2431918546922355e-06
0.0002685575082026217
0.00021288528564136433
0.004036633461600029
0.0003956572500726567
0.009358215071726694
1.522254007540493e-05
0.00036260458040377483
0.003756685076076096
0.0006437159708865425
0.00028143534286234227
0.000412356126057656
0.0005041772923956341
0.00047001877145582945
0.004062732499751094
2.6743632860505955e-05
0.00011156585009222794
0.0002284543619751778
0.0006643750264055113
0.00011176568988276124
6.995456107316108e-05
0.004300500025813815
0.00011242963948995015
0.001226254143798799
0.0013261311126099222
7.471706813558716e-05
0.0010374895752024924
0.00173337010587628
0.00013718301368012217
0.0006099673142880176
0.0013262840593740819
0.0005381101877710072
0.0004606779648198445
0.0005758271031304055
0.0015050805260142229
0.000991423924940201
0.001601072520827069
0.005068995641055229
0.0023087074450433183
0.0023864164762290216
0.0010323351389638384
0.00041209441984176476
0.00019228631499839142
0.0017200873967839502
0.0013877477268004477
0.00013362856144673164
0.0006956753664439614
0.0003602728990161362
0.0005434483081238183
2.7459668020548264e-05
0.0017021375563203247
0.00025203608072944925
0.0005797258751443047
0.0002991353081173348
1.4966279054182799e-05
0.000156115422342505
0.001361895163572795
0.001973016913437331
6.221451135058556e-05
0.000684803402931231
0.00012480030841023623
0.0005323560404344238
0.0002779963779352496
0.0009031831984732503
0.0008653782207363259
0.0005211038134726033
0.00027202910931813757
0.0003662791279590977
0.002797856553613077
0.0004890888570541867
0.00017044520771162012
0.0005651613969177269
3.707152038067008e-05
1.4215291469080857e-05
0.00271399562761353
3.8038806628527242e-06
0.00027609344939016813
0.0015610897329718816
0.0010284950240174472
2.0410188479870545e-05
0.003015809274719209
1.4028844730711172e-05
0.00213740031138507
0.0015261669184196576
0.0014504506227519635
0.001745858409733113
0.00038545012965839325
0.00021683781883702994
0.00043675961897756527
0.0013997327780364192
8.324489481872169e-05
0.00010558220504037196
2.4932409939280627e-06
6.115533800859023e-05
0.001877812642473763
0.0029512108796086343
0.001438004422907449
0.0002241485924901243
0.0010547443708435358
0.0021756470410247805
1.91752004840284e-05
2.774836691940407e-06
0.0003006013704894476
0.0022418415340582495
0.0010387418436828978
0.0007025230403502127
9.774135140769411e-06
0.0008304550868974068
6.118528294769676e-05
0.00014573477454984327
0.0011844003693776061
1.1301788331112948e-06
0.00032524981218354845
0.0003183973286674361
0.0003313771520145453
0.000790208045457287
5.9174024473064024e-05
0.0004163024281727584
0.0009965547200266372
9.719120427836958e-06
0.0002586259595767928
0.0020304680241152178
0.0008817675964773009
1.955535610330313e-07
0.0002936438952026439
0.00030524629756905285
0.0001586734715656965
0.00101114834755206
0.00023790116056565365
0.003038044278212502
0.0003253010887291159
0.0002789327610630128
0.00045341873134077925
1.2502300469451175e-06
0.00024189550286514904
0.0012711432709621468
0.00047429419180286623
0.0002768006771122389
1.5279131279421782e-07
9.862577764899771e-05
0.00040349626269944405
0.00015644936725853862
0.003674399276742914
2.468428105086375e-05
0.0015219908580143163
0.001067522569905558
1.3703880262636551e-06
0.0013150143997482974
0.005261406933506758
0.002732867713769942
0.001574687475179224
0.00012063115195135663
0.0001956385286225985
0.002811338654218447
0.0013465656328434201
0.00015226751409284968
0.0014509088981458338
0.00047156255678813423
0.0002310267654485841
5.449403274184545e-05
0.00040743438929339627
0.001032177293916356
3.095893355940472e-05
2.1892611178263618e-05
0.0021840000719946157
3.208371356705561e-08
0.0020159104267991877
0.0008821077405036983
0.0005624375564472992
0.002803467621294135
0.0010526130900308903
0.0035175374687350584
0.0014445666037013359
1.160875746538895e-06
0.0018026744594636477
0.0014905870976764243
0.0023942535681276593
4.958628914990849e-07
5.127686042841622e-06
0.00022637852904592025
0.001147649793852255
0.0033528337466207474
0.002567945849070539
2.088174110744166e-05
0.0009955826945813842
0.002131248794711173
0.0013764823056277547
0.00010102369528242872
0.0005265801701425558
0.00012482465560624084
0.0008664579659036597
0.00012882580029611855
1.8569835425965995e-07
0.0036624098230115935
0.0003542930129951747
3.249182782619803e-05
0.0013207329916222112
0.002269237316102321
0.002172508973894442
0.002923135411770818
0.0006982290455598947
0.0008955525557327057
7.192982257901373e-05
0.00188802486420414
0.0013477536426429286
0.00013361807527116095
0.0002587312419315864
7.3557862003795e-05
0.0006044850804770281
3.4787353168096165e-05
0.00029260296428151346
0.00025705446820041024
3.853167225422049e-06
0.00022644819162095478
0.00017936164751231377
0.0008446892861289941
0.0006296512043001408
0.0015162149015346823
0.0009963604472528643
0.0009999873684612515
5.7872360574669905e-06
0.0003112623335445968
0.0008388673526569196
0.0009661260349383207
0.0009231772024376963
0.0022313019574074127
0.0007110637744260192
0.0002927048027587287
0.0005179449079647696
0.0001853555628972454
0.0006447148220021121
0.002100894372597158
0.0002116550409775115
5.8042418639391176e-05
0.0012011871349440558
0.00010954175098381956
0.0006901969776779747
0.0006287385381705361
0.0004371758850996429
0.00011404853905164299
0.0007028462622008663
0.0020770407522285148
0.001384140963132026
0.0008336514653215512
6.285480356182588e-06
0.0004226684069701591
0.0005272408544304182
0.002479702304613743
0.0005353838086775314
0.0010379362581079742
0.0011330400088466407
8.575893069463192e-05
1.1840216251263758e-05
0.0004118071710022124
0.001174792470373594
0.0010035634162368428
0.0014302129443120623
0.00021627552063902173
0.003142415339840552
0.0007859653056489546
0.0014364005500029755
0.0010926484598589292
0.0008693132889951807
0.00020424387036185816
0.0002886119018488902
0.0006697691508965674
0.0012817945012912133
4.4998560871110527e-05
0.00011207353287366861
0.0023654696940988533
9.743768965899554e-05
0.0015978556188576145
0.006910392872684286
0.00046536151598257196
0.0001843179924135034
0.0001684735297318081
2.629997495137686e-06
0.0002881475932019375
0.0009454287703306264
0.00044105151161999575
0.000925902033299511
0.00042237073342867276
3.247134182382479e-05
0.0002099217495903284
0.0010309579044544119
4.927705989210128e-05
0.00015029552291626205
0.00113613440821496
9.155124386884423e-05
3.6217726764750207e-07
0.00016847297492243057
0.00038692059425497397
0.0012632716863290238
0.002205778539909711
0.0009717999331825198
0.0009141124632787514
6.889161420326967e-06
9.351368920034594e-06
0.0002589088273231595
2.0737015064761082e-05
0.00017916553450237997
0.0005019052386855746
0.00046732789229967796
0.0003082626516413676
0.0015446470609432306
3.187187833027887e-05
2.1802825574878147e-05
0.00011803108685573054
0.00038048305782838914
0.0004165315050040251
2.5894891557665327e-05
0.00023383071124807162
0.00012060399273336959
0.0005194115685575093
1.1068152641848271e-07
7.781917370147215e-06
0.0012552892429495888
0.0024639449537802666
0.0013382286276789053
0.00229799141875823
2.65356843891057e-05
0.001991873561618355
0.0002810014336528887
2.385911520553805e-05
0.0005556235939417378
0.0004924079162026267
0.0012386328193173595
6.257152343512285e-05
5.255256985392258e-06
7.53318784667895e-05
0.0007713190365869063
0.00012916533281339066
0.0011329509748197587
0.00034914304672433995
0.0005320552806207607
0.002509724515797742
0.00024225433469879452
0.0005186145529523389
0.0002070141075668647
1.1546622062551996e-05
0.0003546608767112036
0.003224262598443696
3.613873785110601e-05
0.000485778264774391
6.447474324207951e-05
7.51517341127675e-07
0.00046436088409456744
5.161604042126822e-05
1.2298982234081078e-06
7.60295414163448e-05
0.0010504261648138647
5.661642949088658e-05
7.679244538132091e-05
0.0005487172549048341
0.00037106017987875554
0.0010936531550257262
7.36112280640437e-05
0.0008444493923712536
3.216723428268249e-06
0.0004982857739433806
5.789449871445354e-05
0.001276695769538635
0.0002989996381241816
0.0016192788286694322
0.003370151302281559
0.0003757883877120067
0.002309945976696193
0.0008946265605964223
0.0024775471329329954
0.00010179174708302713
0.0008222589145194033
0.0003815990550215386
0.0003173878210857043
0.0022078169494924183
0.0022312434574095867
0.0004347016866132006
0.0004047558143715045
4.941484915621702e-05
0.0001256130251292424
0.0007370707029765072
0.0016609838046639175
0.0006766928677186469
8.764114457665956e-05
0.0004117661152946436
1.5348130751632658e-05
0.0025880639935520655
1.5506402363228273e-05
7.168561853207081e-06
0.00374457681036044
0.001179033546429766
0.0002898976753373021
4.8942197733387084e-05
0.0013254063567335987
0.00020382785583185594
0.0011981511498481115
0.00045789431471006403
0.0004993174814750318
0.0003758193728772715
0.0032385128801637715
9.944044855766189e-05
0.00088118707980784
0.0005263400214967976
0.004635707308993531
0.0010446219600374852
0.0029528864749231386
0.0005235504465921367
0.00016934007954172184
0.0006310376830055572
0.0013299148911785372
0.0010377880330436995
0.0005746006347938179
1.6591038072869202e-05
0.00018722829985327286
1.6115560573628154e-06
0.0036099736550838403
0.000609774701303722
2.877890598703328e-05
0.0013504187387968424
0.00026427873831465606
0.007896912937605553
0.0004404326726031031
0.002024966346848062
0.0004245927673390772
0.0022616197286393753
0.001232682774071275
0.0015934497378853614
1.0867657459159577e-07
0.002366835553675176
0.00010196930487944755
0.002234531641584463
0.00026042637337996385
0.0013076658635429864
8.497330828200415e-05
0.0026102637910292463
3.7362566117486e-05
0.0005945352472448161
0.00019639686080394792
0.0005189829099624301
0.0015064948826005026
0.0008190044735170028
6.285601224433999e-05
0.00017064847198084487
2.5353917049041017e-06
0.0002921223692263676
9.250523310265598e-07
6.417318979906952e-05
0.00014642102003523553
0.000964730364701562
0.0004691888956360484
0.0003432553373827981
0.0009867488532987567
0.0004999120154578326
0.0048295627560494304
0.00046104188995203094
4.4211159646545686e-05
0.0002862221569232639
0.00011379258565733553
0.0007654029127844238
5.5058897383519945e-05
0.0005507640460047462
5.210754264659223e-07
0.0008965534526709046
0.0005680835960313422
0.0003371777439955775
0.0006931207192702014
0.00010880708030403162
0.00044031825763050876
0.00015412314106401826
0.00042514065594327757
0.0032739692980018305
0.001693140602422991
0.0014920580463958107
0.0006831947099134681
0.000176882755855009
0.0030827977916520494
0.00026056908178507626
0.0050725213429112
3.1017828546918504e-05
0.0006865806233599855
0.002322442119506395
0.00010382367421582599
0.0006767866916506572
0.0004759488701641127
0.0006073433557306989
0.0014171507482779455
0.0035448490251063164
0.00019836414333291251
0.0003251792426855925
0.00025943918862935067
0.0008852749463867884
0.002436931313994539
0.00019123776815783752
2.189799094724552e-05
0.0006713449891065856
4.682187028034992e-05
0.004989908900246308
0.0006658884737485773
0.0030691886802381965
0.0009259935313004903
0.0008864396344445603
0.0006726055027748507
0.00019210175387070094
0.00038877150570913456
0.0002833798812214867
0.00010053716390109534
0.0005429945387973823
0.00023490955436917337
0.0007446271995173229
0.00040218695170598574
4.6097376478165025e-05
0.0010153287347918795
0.00010060693116027678
0.00033155328000396186
0.00020770901631649653
0.0030981681942024893
0.00015005746492278673
0.00026256429188667793
0.00036211655343953156
0.0002938142090108637
0.0010564966417532398
0.00022025880904084086
0.0023915374561645918
0.0003908427392346784
4.362395230176429e-05
0.00032547539881149087
7.378420173353159e-06
0.006616536179859348
0.00029414309670270446
0.0001759087727638785
0.0003712971853325303
0.00042318810708031956
0.001171158132163791
0.00017886351659725743
0.0010791748583472063
0.0022136293342095476
0.00016465153701024273
0.0014807950084895643
0.003407813110634499
3.642875156079169e-06
0.00030594941547081587
0.000656895710509194
0.001155585997333931
8.251198641101573e-05
0.0010223366216586525
0.000701006513204847
0.0027204171907242967
0.001551240174195114
0.0038617691452951936
0.00025005819458519615
3.1455406126941474e-05
0.0008633716516456713
0.0010847116078153002
1.6948308809711707e-05
0.0003279141304894236
7.893557530461963e-05
0.0003237723114151263
0.0031766265288723852
0.0013124781690678972
0.000629275591966441
0.0011120929195135962
0.0004912215537520237
0.00020026783792613534
3.265957589152433e-06
0.0015743698472964426
0.0002642779513132752
3.396407864259702e-06
0.0018982597805882807
0.0015928054022049983
0.0002593270757288022
0.0008668428588191869
2.122044369547895e-05
0.002819689190596376
0.002960585486464744
0.0013988714379521725
0.0010016221370779605
0.0016590110269592965
7.598136527202388e-05
1.4753093068963876e-05
0.0017954860230077765
0.00036395284862937626
0.00018766070156799554
0.00031983641101856455
0.0015209610401774108
8.624650990468098e-05
0.000908938310283777
0.0004984069794652654
0.0005555011028065648
0.00032066210141371964
9.814927238123658e-05
0.00025663478535166076
0.00015582366356228493
3.0305097279382464e-06
0.0014835460701260285
0.0005904578321356594
5.490907123627037e-05
2.7028623478955532e-05
0.0017915585562553124
4.138338369766241e-05
0.0005048151660377718
0.00022552076739847706
0.0022817084559645004
0.0003587250324633705
2.0341309712531887e-05
1.8128672951354455e-05
0.0013411228160823561
0.004638371792247604
0.00025309869261125686
0.0006030082335044736
0.0002555890439108601
0.002688622411252123
0.001658697330484667
0.000757296454248917
0.0006241311922845882
0.001469635065176571
0.0002827006366440258
0.0005876811775146823
0.002041242755212313
0.0002576795058975664
3.8192639508356836e-05
0.00011604414354769922
0.0005466564417385399
0.0007170101411355258
8.816605553829974e-05
0.0003837200451374665
0.0007335086989399829
0.0008818619150742203
5.258857969206041e-06
2.4821114792528386e-05
0.0035925456014034816
0.0003228377511126889
0.00015222825758956604
0.0005037316623596117
0.0016623695578321562
0.00016368790807006685
0.0007923290684112643
0.00034607905531352
3.0033165690929945e-05
2.336629544352051e-05
0.00010888296213145752
0.0009879500302364822
0.0005609150307719718
5.175448531669918e-05
0.0022069890835591235
0.0002100618901210936
0.002888080907375183
8.251237793234103e-05
3.911770684582247e-06
0.0010483613271635855
2.6883540148025015e-05
0.0004552462137771509
0.00024105912078329343
0.000207422250832217
2.2919439212421937e-05
0.0011392080548341085
4.458131036500576e-06
0.0015102664654543213
0.002952927329408107
2.7759054808698913e-05
0.002072172371008671
5.744832378654311e-05
0.0012216982381110574
0.00019024995100996268
0.001689903478741322
0.001478484443973926
8.789591535167293e-06
0.00027194776671431967
0.00013893534066822876
0.0001320643399171193
0.0006035124260956106
0.0005456283784341523
0.0003323965946332487
0.0009137056614601528
0.0014438748746730633
0.0010479261932037417
0.0002900185668423455
3.329950850907912e-05
0.00020831724636861395
0.00028492878081860513
0.0017496578162524527
0.0021553028520932553
0.0003695213190654109
0.0008035258211113167
0.001744078945998388
9.721073423366014e-05
0.000911684769191945
0.005682576143373786
0.003613145763773391
0.001431370126918396
0.0023237306211012026
0.0011003522859500897
4.3372110155864015e-05
0.0003134858331946742
2.9835692727612938e-05
7.871326029007785e-05
0.0026302065168572965
0.00010978601633670954
0.002161579023355003
0.0007841871157706338
0.000844289425730565
0.001396546777139329
0.0018040754102713124
0.00019227031183387844
0.002191410412444787
0.0016234604695785457
4.403277219079176e-05
0.0002794184705107578
0.0011124744039230602
0.002149713221623324
6.565000370248636e-06
0.0007358774707542971
0.0007414695777457962
2.8000259084159525e-05
2.775131838017126e-05
2.2748456958087275e-05
0.00031792512607052944
0.00018101880299237807
9.690519221021838e-06
0.0016644477147543695
0.00018063357435332467
0.0005172114085147233
0.00024629971819545835
0.0006079197798898324
0.0002706721659286769
0.002257511736165898
4.633098405798098e-06
0.004239023634585476
0.0009199276755180052
0.0019587413105296423
0.0008695575515377045
1.5436408074365524e-05
0.00012298542608576844
0.0014148858444125094
0.0004729465831630294
0.0003098813556120902
0.0025909081026853887
5.297066437104185e-05
1.497894768059209e-05
9.520393074397847e-06
2.272836358497042e-05
3.963142323360554e-05
0.0024447724546415423
3.282660740799501e-06
0.0002281988635809013
2.956067253053575e-05
0.001180318182826238
1.6523868668047525e-05
3.15642465128601e-05
0.0012436248706517846
0.00033860925869705957
4.8956434544378725e-06
5.2392811301333646e-05
0.004045147191169306
3.48522545629526e-05
0.0008463988192283853
0.0006061663255073141
0.0001549669665660934
5.684671446754061e-05
6.545407714134203e-05
0.0013182703547101869
0.0002940918273260519
0.0011748491882109056
8.435064056093845e-06
0.0003113583946335963
1.0449652576309921e-06
0.002150747106022197
1.8770454666107228e-05
0.0007670790330439824
1.3775275003543165e-07
0.001901142042504765
0.00025649145411706754
0.0002872747546840991
0.005485207513713179
0.00014354705934107844
2.3044288623566837e-05
0.0008278835486374368
0.0001143782215150867
0.00027773768799596555
0.0009472417234868115
0.00021340879104412552
5.5863802713789865e-05
0.0021008811491732182
0.0017426775463868728
0.0014310098946539226
0.0001735824014389229
0.0004199553265152654
0.004095218695020942
0.00016130843244856292
0.00047571943396475377
0.00037070850862715296
0.0005203341781679622
4.2724132268160596e-05
1.9846649977531212e-05
0.0014900045250970586
0.0003093970880223439
2.2724435691471858e-05
0.001560504974623177
2.4691404138100577e-05
0.00023210110176034268
0.0012289379277251697
0.0004791852325439507
0.00212457168767607
3.703581638337113e-05
1.1478133227836184e-06
0.0010188188251565578
0.004575558393109275
0.0007499886594136905
0.003091831715304843
0.0011145296944493621
5.212239780167696e-06
0.0003444321011538224
2.753310723517885e-05
2.778421870900391e-06
0.0012771550154911536
0.0001494598456260568
0.00032491491690770583
0.0011131656512946705
1.8415061431153644e-05
0.00056234223046934
3.3591516884910017e-06
8.899765937127849e-07
0.0003147920045426276
0.00015767711629257713
0.00017339130206819157
0.0022998727877267524
4.672012125396528e-05
0.0003270051363955758
0.00036298512054667867
0.00034520454270668937
0.0003239581792082358
0.0017263224860825188
8.696010950065797e-05
4.928214997319971e-06
0.0003613825600548038
9.644209865910726e-05
0.0002707282882572984
1.4083451809047687e-06
0.0003935334989336202
1.0525656965249435e-05
0.002825308365310207
8.41989640393224e-05
6.365316945959986e-06
0.0004935397262887398
0.0014497785055922392
9.43028079721144e-05
0.0003932775558572392
0.0004622136731489679
5.459979130140989e-07
8.053938129625641e-06
2.322381557852069e-06
2.14949750493843e-05
3.6847572963539793e-06
0.005528565642826439
2.8882737269393714e-05
4.252437043335781e-05
2.007395423780902e-05
0.0026066882168545714
2.1147715126181328e-05
0.0004045580695310655
0.002242218517894642
0.001195591151236786
3.409764034481862e-05
0.0005064195241013479
0.00026055446126085376
3.899247303020217e-06
0.00031601919495722957
0.0009424593496059235
0.0008159490079602382
9.254145490162706e-05
0.0007815176048452205
0.0014720236054757924
0.0002715366817652404
0.0002941004739078375
3.454624935177789e-08
0.005196187431804816
4.664581254533884e-07
0.0002587884053994849
2.518060041054963e-05
0.00019739656041942361
9.949617970816614e-05
0.00016865994889070753
0.00034232554660394124
0.0002029959029672253
0.00012971895690135342
0.00021191101090327984
0.001008440842924115
0.00027616784779480714
0.0010004508374006102
3.848467582462734e-05
7.592922047000838e-05
0.00046258019050577975
0.0005271729490591092
0.0005327595380429801
0.00025933477719591673
2.897627260400794e-05
0.00020405923690675293
0.0001255550551494724
4.555864861689915e-05
0.0021611147241673632
0.00029342450703952454
0.00025482283132719755
2.9708719139202836e-05
0.0023901563965751573
0.00045019200587962017
0.0011569230237363861
0.00027692513725009445
0.0001769971890459415
1.165644732061895e-06
0.0013227990206606294
0.013211574706547248
0.0015405693980421757
0.0011311864346336005
2.9942261138847483e-05
6.958531906223809e-07
0.0023022321503200624
4.545993509678085e-05
0.000812937328407596
0.0023162012370563463
0.0027968907748435403
9.894601359301666e-05
4.771784974190134e-07
0.0021881321782881167
0.002099638891376097
4.545544215919406e-05
2.8726987957158254e-05
0.0002987178687534758
1.954495765690572e-07
0.0005663105948647536
0.0013681819182810835
2.804271007572115e-05
0.0005576119716339822
0.00040519519682228136
0.0010427092395172393
0.0014831828902706504
8.596506722256582e-05
1.5534792925400342e-06
6.486865844060911e-05
