1000 6.1623413521412575e-06 6.366197723675814e-06
2000 1.172175217698986e-05 1.2732395447351628e-05
3000 1.8597479730248705e-05 1.9098593171027436e-05
4000 2.7357825716363952e-05 2.5464790894703257e-05
5000 3.3126935198393045e-05 3.183098861837907e-05
6000 3.892091204496105e-05 3.819718634205488e-05
7000 4.855487733320553e-05 4.4563384065730696e-05
8000 5.142756767649916e-05 5.092958178940651e-05
9000 5.381633495052689e-05 5.729577951308232e-05
10000 5.992868238576612e-05 6.366197723675813e-05
11000 6.816298320388411e-05 7.002817496043396e-05
12000 7.769409226274781e-05 7.639437268410974e-05
13000 7.35478545967905e-05 8.276057040778558e-05
14000 9.655601903406193e-05 8.912676813146142e-05
15000 8.937624652349737e-05 9.54929658551372e-05
16000 0.00010180494198235943 0.00010185916357881303
17000 0.00010213273012357438 0.00010822536130248885
18000 0.0001069908935455342 0.00011459155902616465
19000 0.00012019203436012811 0.00012095775674984047
20000 0.00011466783150635306 0.00012732395447351627
21000 0.0001287199540159631 0.0001336901521971921
22000 0.00015287319155377754 0.00014005634992086792
23000 0.00015099724864244855 0.00014642254764454367
24000 0.00013824366792936172 0.0001527887453682195
25000 0.00017890413604224737 0.00015915494309189535
