1000 2.440979094471985e-09 3.0000000000000005e-10
2000 5.264078561606627e-09 1.2000000000000002e-09
3000 8.430802818715545e-09 2.699999999999999e-09
4000 1.2326305859880257e-08 4.800000000000001e-09
5000 2.1237234757531855e-08 7.500000000000001e-09
6000 2.0747095077216153e-08 1.0799999999999996e-08
7000 3.088553514801365e-08 1.47e-08
8000 3.271843684432305e-08 1.9200000000000003e-08
9000 4.790422515488252e-08 2.43e-08
10000 4.49455237582508e-08 3e-08
11000 5.426260592958518e-08 3.63e-08
12000 6.167819948545678e-08 4.319999999999998e-08
13000 7.74932970066332e-08 5.07e-08
14000 9.999855013606202e-08 5.880000000000004e-08
15000 1.1655078363328307e-07 6.75e-08
16000 1.0351100407171458e-07 7.680000000000001e-08
17000 1.0649311234155354e-07 8.670000000000003e-08
18000 1.0482894605705357e-07 9.720000000000001e-08
19000 1.1131216101867297e-07 1.0830000000000002e-07
20000 1.5980040449325833e-07 1.2000000000000002e-07
21000 1.6293970198548054e-07 1.3230000000000004e-07
22000 2.219755529988787e-07 1.4520000000000006e-07
23000 2.4600142870231625e-07 1.586999999999999e-07
24000 2.5995313342421843e-07 1.7279999999999993e-07
25000 2.1479027619382052e-07 1.8750000000000003e-07
