10000.0 0.0035395718331226204 0.0031830988618379063 0.0070992029205551085 0.0026525395570472865
20000.0 0.00548529179373811 0.006366197723675813 0.012695181873048559 0.004145990682652371
30000.0 0.007812407043139795 0.00954929658551372 0.01966062343780841 0.0057745695396594415
40000.0 0.012346551545085157 0.012732395447351625 0.02235969947434077 0.009398467445330422
50000.0 0.012598051215207406 0.015915494309189534 0.026048543613212356 0.009964310025174927
60000.0 0.01728395797711922 0.01909859317102744 0.03859309032889186 0.012947253195791238
70000.0 0.01935902422001665 0.02228169203286535 0.049625246244628086 0.014617338774688378
80000.0 0.017569728940172488 0.025464790894703253 0.030997669205767638 0.013272369058967594
90000.0 0.025039842066276102 0.02864788975654116 0.04583964289658526 0.01768339493425147
100000.0 0.02482053685903677 0.031830988618379075 0.060354190242460484 0.019271982227675153
110000.0 0.0411795094545585 0.03501408748021698 0.09775454470545084 0.02982859678347285
120000.0 0.03928031457271306 0.03819718634205488 0.08404296774578211 0.02965919174732096
130000.0 0.040646396049134656 0.04138028520389278 0.08805244676876144 0.031507650862094116
140000.0 0.04776789667230205 0.044563384065730696 0.06991898206078827 0.036418884314236524
150000.0 0.046819537047383515 0.0477464829275686 0.0914450326810524 0.03650542196894424
160000.0 0.05448197470145995 0.0509295817894065 0.08989344720018307 0.039197646130926564
170000.0 0.04253498757716735 0.05411268065124441 0.08169930856541108 0.03315482170146677
180000.0 0.05455556432835901 0.05729577951308233 0.11292315267984733 0.04077361982125227
190000.0 0.04959462316507158 0.06047887837492021 0.0976891670775199 0.038435447091367723
200000.0 0.059757294771703905 0.06366197723675814 0.14944099165169686 0.04694985037761343
210000.0 0.05248948731204072 0.06684507609859604 0.1070665677572884 0.04009111412890371
220000.0 0.07350352536691526 0.07002817496043394 0.16771870069572736 0.05926558686621222
230000.0 0.07737476707209348 0.07321127382227184 0.10686865896099601 0.05695279562080357
240000.0 0.07743145050470317 0.07639437268410976 0.18990130589757886 0.05738306192789516
250000.0 0.07880733731021791 0.07957747154594766 0.1290369723068224 0.05976026880029077
260000.0 0.0681615119735985 0.08276057040778557 0.1621214491678872 0.05134468030969282
270000.0 0.07741330374469343 0.0859436692696235 0.13566461773972122 0.06059420302626289
280000.0 0.06695196869603764 0.0891267681314614 0.1447295641779105 0.05230558058088006
290000.0 0.08983327074715546 0.0923098669932993 0.19126616131535987 0.06667177904911074
300000.0 0.08345602638652334 0.0954929658551372 0.18344653152269985 0.06651031553664322
310000.0 0.08867225911249141 0.09867606471697511 0.20980611889324088 0.06625737808665999
320000.0 0.08768550253605828 0.10185916357881301 0.22569295892901095 0.06584367654362731
330000.0 0.09179561867125594 0.10504226244065094 0.18747908468117339 0.06855671419378469
340000.0 0.09656786543549035 0.10822536130248882 0.21303136246414794 0.07358068400371037
350000.0 0.09701851992449222 0.11140846016432673 0.19398587324135047 0.07006899406025179
360000.0 0.1056282412375392 0.11459155902616464 0.19910238865870442 0.0754594767510549
370000.0 0.12632760775026297 0.11777465788800255 0.2187490178452024 0.09401570505526942
380000.0 0.08992920032830762 0.12095775674984045 0.18421132227661063 0.06902387388916477
390000.0 0.11044573971597085 0.12414085561167836 0.1911840084629323 0.08522561921756944
400000.0 0.10853748409995097 0.1273239544735163 0.18052512403405171 0.08653267892028355
410000.0 0.11551530904979095 0.13050705333535417 0.2507823751571361 0.0890401752800221
420000.0 0.10198684164860876 0.1336901521971921 0.20574311122045327 0.07604158520093314
430000.0 0.12937853580121458 0.13687325105903 0.2525151626977279 0.10007370046222527
440000.0 0.12161388556615835 0.1400563499208679 0.22862716941985614 0.09187845697561521
450000.0 0.10385917862772252 0.1432394487827058 0.25756630718127577 0.07844171927549788
460000.0 0.1046726998744696 0.14642254764454365 0.20979096855421744 0.07977955569379333
470000.0 0.09970862664803488 0.14960564650638164 0.15183360434106485 0.07664185425370945
480000.0 0.09841660390218746 0.15278874536821951 0.20196057093185735 0.0757035180975572
490000.0 0.14155118799936037 0.15597184423005742 0.2109768584309779 0.10411024905734173
500000.0 0.11812531238864704 0.15915494309189535 0.22671417629827054 0.1004725962872971
510000.0 0.11896799600305219 0.16233804195373325 0.2678749477784674 0.09030705352503646
520000.0 0.1375759575627336 0.16552114081557112 0.23579473294968184 0.10740057592711814
530000.0 0.14460661458212062 0.16870423967740905 0.17245435955984825 0.10241916896406891
540000.0 0.1338692266015464 0.17188733853924695 0.28950809004571953 0.10851792253108093
550000.0 0.11425552734052799 0.17507043740108488 0.22261909707406166 0.0876754666594527
560000.0 0.1561901361376276 0.17825353626292278 0.2713401365435036 0.12794045692864836
570000.0 0.1505308502287786 0.1814366351247607 0.21677784754927354 0.11111218238119948
580000.0 0.130652639191632 0.18461973398659862 0.20557485919833116 0.09998013200700832
590000.0 0.13741799411889688 0.1878028328484365 0.23836604688167448 0.10637321629258101
600000.0 0.1638205040818657 0.1909859317102744 0.26120518461849324 0.12091318626336894
610000.0 0.15123019084771314 0.1941690305721123 0.3306679898322193 0.11332410179098171
620000.0 0.165853195558073 0.19735212943395025 0.25386846198245544 0.1268850674265906
630000.0 0.12181500324679613 0.2005352282957881 0.22871978534031256 0.096907328898798
640000.0 0.12630270156948772 0.203718327157626 0.2308317048499828 0.09530735569349402
650000.0 0.15410542791941387 0.20690142601946396 0.19408550084164705 0.11956286392578133
660000.0 0.17443927837007656 0.21008452488130183 0.2650268055643016 0.13369084714051374
670000.0 0.16388856219563575 0.21326762374313976 0.27593940829048613 0.11608872441246916
680000.0 0.19123190234539447 0.21645072260497764 0.2900885379958377 0.14051589300249145
690000.0 0.17291582085131654 0.21963382146681557 0.2522093722779664 0.12902838582925916
700000.0 0.15739859097786418 0.2228169203286535 0.267151783344899 0.11768291339377773
710000.0 0.18957267652904367 0.2260000191904914 0.2921586730407996 0.15710919164301834
720000.0 0.17154708680044878 0.22918311805232933 0.25784656175207626 0.12999668099223016
730000.0 0.19663544497786045 0.23236621691416717 0.2721083169208206 0.129634274260833
740000.0 0.17309191962980486 0.2355493157760051 0.27771938593327017 0.12634695346389327
750000.0 0.15314256081546573 0.238732414637843 0.3135953638906522 0.11488994383293638
760000.0 0.18975900581430907 0.24191551349968085 0.31281416667898665 0.1430041563805969
770000.0 0.2016807997854998 0.24509861236151884 0.3476139920447791 0.1579873778869475
780000.0 0.17735877898548214 0.2482817112233567 0.24655425192327676 0.14443328408759457
790000.0 0.16507175225258386 0.2514648100851946 0.30708224443941395 0.1291026005089765
800000.0 0.1366471390956882 0.25464790894703254 0.28112404818239933 0.09829647757600604
