0.01 9.661152518015654e-06 2.4802548720680487e-05 7.415415189444532e-06
0.02 5.382887047599146e-05 0.00011173247639641896 4.1805821037596705e-05
0.03 0.00010631605808219173 0.00023831778677113857 8.021935412273341e-05
0.04 0.00018777566154706403 0.00033493465433221336 0.00013817646361406532
0.05 0.0002875209237933964 0.0006530488753901643 0.00021277490281085225
0.06 0.0004379506485795144 0.0011183250722364012 0.0003400285979978522
0.07 0.0006326210108621906 0.001342050451329474 0.0005134371334279668
0.08 0.0006545225837110999 0.0011532455040453439 0.000517787200575757
0.09 0.0009812552403789569 0.0021901939350596577 0.0007303084857643997
0.1 0.001252794466408682 0.0026667050593456093 0.0009412952868612787
0.11 0.0012849265802126774 0.0030885632129303386 0.0009481516958334377
0.12 0.0019371223071235205 0.004525452272638421 0.0014676945171671427
