0.01 0.00011619683127355307 0.00025393342640137045 8.333757171530439e-05
0.02 0.0005502432246116527 0.001048535298102125 0.00038899122555742776
0.03 0.0012754906248148303 0.0032784592812052644 0.0009445954884470391
0.04 0.0019303765730805062 0.004701687211263444 0.001433521083210461
0.05 0.0027083583435027004 0.005929619898018835 0.002082402487609214
0.06 0.0038793000486521934 0.008795440952019597 0.0029545729888215085
0.07 0.006277070634618231 0.015785776054186983 0.005066357631144626
0.08 0.006632378910794117 0.0158552339841417 0.005141620821805653
0.09 0.011336769430170493 0.025796556638689905 0.008539880449560574
0.1 0.01079895481129843 0.02113876798061759 0.007880503006561563
0.11 0.016072108407980377 0.03549146883180623 0.012024668641027185
0.12 0.018683771178688025 0.043170981157854636 0.014423519963018876
