δ=10000.0
ΩR=1.0000000000000002
Ωprime=1.0000000000000002
62831853071.79586
628318530.7179587
628318530.7179587
99.99999999999999
4.999999999999999e-07
0
6.079616590410851e-20
0.9998332412364938
-------
1
2.4318466361643404e-19
0.9995238305648977
-------
2
5.471654931369764e-19
0.998797350149288
-------
3
9.727386544657362e-19
0.996917758405785
-------
4
1.5199041476027129e-18
0.9969509126187251
-------
5
2.1886619725479057e-18
0.9956178131670025
-------
6
2.979012129301317e-18
0.990488704251095
-------
7
3.8909546178629446e-18
0.9901365175947161
-------
8
4.924489438232789e-18
0.9898234384031709
-------
9
6.0796165904108515e-18
0.9835781087274794
-------
10
7.356336074397129e-18
0.9461443024559985
-------
11
8.754647890191623e-18
0.9386392135439753
-------
12
1.027455203779434e-17
0.9046975984674592
-------
13
1.1916048517205268e-17
0.7297577726048211
-------
14
1.3679137328424412e-17
0.8479329759414082
-------
15
1.5563818471451778e-17
0.7802828784452464
-------
16
