δ=10000.0
ΩR=1.0000000000000002
Ωprime=1.0000000000000002
62831853071.79586
628318530.7179587
628318530.7179587
99.99999999999999
4.999999999999999e-07
0
6.0796165904108515e-18
0.998252108078888
-------
1
2.4318466361643406e-17
0.9919798372510433
-------
2
5.4716549313697666e-17
0.9895404339614615
-------
3
9.727386544657362e-17
0.9838812827967645
-------
4
1.5199041476027131e-16
0.9713600934693911
-------
5
2.1886619725479066e-16
0.9521117502022762
-------
6
2.9790121293013173e-16
0.9315624973964792
-------
7
3.890954617862945e-16
0.9128689552222796
-------
8
4.924489438232788e-16
0.8635693203549033
-------
9
6.079616590410853e-16
0.8504443239496923
-------
10
7.356336074397129e-16
0.8746454436878346
-------
11
