δ=10000.0
ΩR=1.0000000000000002
Ωprime=1.0000000000000002
62831853071.79586
628318530.7179587
628318530.7179587
99.99999999999999
4.999999999999999e-07
0
6.0796165904108515e-18
0.9967244543483943
-------
1
2.4318466361643406e-17
0.9835377811652363
-------
2
5.4716549313697666e-17
0.9730003578926183
-------
3
9.727386544657362e-17
0.9545822055056136
-------
4
1.5199041476027131e-16
0.8993242791142462
-------
5
2.1886619725479066e-16
0.8368474376386839
-------
6
2.9790121293013173e-16
0.8826246119548375
-------
7
3.890954617862945e-16
0.8708248139030823
-------
8
