0.0292517785081333 1.0560405849820131e-05 1.1236452460447016e-08 1.0739034341458549e-08
0.0585035570162666 1.057686268713024e-05 4.7123828994825086e-08 6.166869856613546e-08
0.0877553355243999 1.0680543338730344e-05 2.1991207893607155e-07 3.454412713120965e-07
0.1170071140325332 1.0976387656166463e-05 6.21087624770891e-07 1.024891496826214e-06
0.14625889254066649 1.1841301583727491e-05 1.5896287941850098e-06 2.2929492264021515e-06
0.1755106710487998 1.346553941525746e-05 3.968803399970589e-06 6.15426057129829e-06
0.2047624495569331 1.5104963726544863e-05 5.008284398037336e-06 6.8614315157053745e-06
0.2340142280650664 1.8135480776004977e-05 1.0638825773932725e-05 1.6355138674596148e-05
0.2632660065731997 2.456340109336948e-05 1.990612124119038e-05 3.22386554873256e-05
0.29251778508133297 2.964042365248202e-05 2.726680017811448e-05 4.473799884376793e-05
0.3217695635894663 3.6643083577808995e-05 3.308178381872203e-05 4.822206453745011e-05
0.3510213420975996 4.1137715028114045e-05 4.26018983053056e-05 6.973673621251731e-05
0.3802731206057329 5.1614208261741495e-05 5.623589097797323e-05 8.67286991443706e-05
0.4095248991138662 5.841501307702452e-05 6.857624106200922e-05 0.00010750465897204865
0.4387766776219995 8.941185851449408e-05 0.00010541515839877187 0.00016338220929722427
0.4680284561301328 0.00011307427093775535 0.00013651059331553896 0.0002131474571362836
0.4972802346382661 0.00013736698506631792 0.0001753684849936623 0.0002665567409504188
0.5265320131463994 0.00017053018834678208 0.0002114742962661707 0.00035438096508483513
0.5557837916545327 0.00022406233126695587 0.0003009736165400889 0.00047875562024855286
0.5850355701626659 0.0001996339488053368 0.00022160328484477782 0.00033530949893922863
0.6142873486707993 0.0002246540411225456 0.00025089540924278154 0.00037273370765647805
0.6435391271789326 0.00033135918772010485 0.0004133624850358736 0.0006540276191549551
0.6727909056870659 0.0003677433727562461 0.0004993595835340623 0.000798412226119458
0.7020426841951992 0.0003962021175295057 0.0005052371490047523 0.0007703088514317681
0.7312944627033324 0.0003231607952154278 0.0005101602872333188 0.0008009507177582709
0.7605462412114657 0.00045061668713079447 0.0005979003060498571 0.0009484742891879479
0.7897980197195991 0.0004160679054018975 0.0004984915375401659 0.000758843746785579
0.8190497982277324 0.000601512096422559 0.0008090102378892543 0.0012923357505596484
0.8483015767358657 0.0005951298988216826 0.0007967994539807312 0.0012203341936443122
0.877553355243999 0.0005967393818427182 0.000701838509284791 0.00100119484836475
0.9068051337521322 0.000597862190832318 0.0007810418149214253 0.001198610063424492
0.9360569122602656 0.0007639768630695189 0.0010275285376485292 0.0017214502264410842
0.9653086907683989 0.0005896386759011085 0.0008002616948711949 0.0012174553236018236
0.9945604692765322 0.0006559893536919737 0.0008749172953404997 0.001387431780650756
1.0238122477846654 0.0008830479190603632 0.0012865217522010349 0.002095359020784894
1.0530640262927988 0.000728586873119029 0.0010879208942236344 0.0017642462280270104
1.082315804800932 0.0007697842680793015 0.0009984664747788325 0.0015685431152494857
1.1115675833090655 0.0007946475372483125 0.001256677598693136 0.0020941261827031395
1.1408193618171987 0.0007008336375009046 0.0009917294130362118 0.0015363919212873977
1.1700711403253319 0.0007847224711368422 0.001171269783086387 0.0019844996023523553
1.1993229188334653 0.0006529427244721023 0.000779145100877032 0.0011785759948375037
1.2285746973415985 0.0007192504856327232 0.0009717701800918328 0.0015180381805612753
1.257826475849732 0.0005971414257948938 0.0007392809714363482 0.0011042246553293576
1.2870782543578652 0.0005275604021053069 0.0006108500008166489 0.0008616643758404216
1.3163300328659984 0.0007408751187652616 0.0010070277215731794 0.0015996872591499663
1.3455818113741318 0.0006851314280811393 0.0008566982760923962 0.0013063971530140133
1.374833589882265 0.0006485055922180477 0.0008809027434035116 0.0014139973280860654
1.4040853683903984 0.0006784831679436474 0.0009822706004494306 0.0016036672617387663
1.4333371468985316 0.0004924159892493473 0.0006820486619226185 0.0010569574667042593
1.4625889254066649 0.0005274954447759314 0.0006291440496625195 0.0009307934637072268
1.4918407039147983 0.0005246263241232683 0.0007970533676250429 0.0012915393477459618
1.5210924824229315 0.000422478678009001 0.0005589178541909203 0.0008568011275980189
1.550344260931065 0.0003921265899273382 0.0005129202115289052 0.0008320961572002301
1.5795960394391981 0.00031622696776165506 0.0004737505067263199 0.0007692653966051734
1.6088478179473316 0.00025970729804798866 0.0003365968755443149 0.0005307603810343429
1.6380995964554648 0.0002707396309394912 0.00034139512591318876 0.0004991642550201995
1.667351374963598 0.00018647677972647355 0.00021359598168202098 0.00032738234006487673
1.6966031534717314 0.00016525500973142744 0.00018826999382016207 0.000282004032928359
1.7258549319798646 0.00016645739041056914 0.00021053063795075893 0.00032367868660049547
1.755106710487998 0.00011882043975360116 0.0001461700211393554 0.00023189998662658358
1.7843584889961313 9.431996771363091e-05 0.00010233645169958625 0.00015292942079937803
1.8136102675042645 7.894385291289056e-05 9.295752389724092e-05 0.00014744457244347323
1.842862046012398 4.71773907446897e-05 4.732349607059434e-05 7.458688946308017e-05
1.872113824520531 3.744585614223384e-05 3.166549065634664e-05 4.7614501890666276e-05
1.9013656030286645 3.013071735670356e-05 2.2813164173279124e-05 3.7482560904756626e-05
1.9306173815367977 2.0562484321826863e-05 1.1132559357056729e-05 1.614232465647174e-05
1.959869160044931 1.6193132847729276e-05 6.501226500038936e-06 1.0024545823653256e-05
1.9891209385530644 1.5520410842361532e-05 6.531438705893134e-06 1.0552835453565133e-05
2.018372717061198 1.5390415330822133e-05 4.930030693092548e-06 7.648322616554955e-06
2.047624495569331 1.687499184042852e-05 8.724869671941556e-06 1.405677464843146e-05
2.0768762740774642 2.2035829114277426e-05 1.4515691737404928e-05 2.2518146972817333e-05
2.1061280525855977 2.563654445838656e-05 2.1269641815365983e-05 3.411813943754701e-05
2.1353798310937306 2.7940662235905917e-05 2.409264928736615e-05 4.1937132706548734e-05
2.164631609601864 3.557913016520665e-05 2.733568913980558e-05 3.874638622403996e-05
2.1938833881099975 4.4155729587899704e-05 4.9408861914928954e-05 7.750514719320321e-05
2.223135166618131 5.79108895820021e-05 7.585212340277456e-05 0.00012008153005374558
2.252386945126264 5.568941834083662e-05 5.904583409296803e-05 9.638269662603622e-05
2.2816387236343973 6.90462246013701e-05 8.46077266819051e-05 0.00014981661850535112
2.310890502142531 8.36991480228258e-05 0.00010438744340770957 0.00016809848703570724
2.3401422806506638 8.303790738477135e-05 0.00010646802402411809 0.00017195488799126316
