0.0292517785081333 2.905878237862184e-06 3.651169577342228e-07 5.22171783977541e-07
0.0585035570162666 3.5052100515618137e-06 1.1458556908051983e-06 1.6602571826389963e-06
0.0877553355243999 4.914098435468076e-06 3.201017276682125e-06 4.781323752880835e-06
0.1170071140325332 5.7246562165689215e-06 4.378599404982409e-06 7.212489651753722e-06
0.14625889254066649 8.728793664268285e-06 8.243940455063969e-06 1.3325097845554584e-05
0.1755106710487998 9.499662620426002e-06 9.804806675594005e-06 1.63430061335606e-05
0.2047624495569331 1.1089209617690188e-05 1.0757053803999668e-05 1.6810839897461306e-05
0.2340142280650664 2.0116400486587326e-05 2.5721352069892273e-05 4.2145429232503e-05
0.2632660065731997 1.7859072325904553e-05 2.366977562060685e-05 3.846158069608305e-05
0.29251778508133297 2.572282739593168e-05 3.188117670995559e-05 5.452652424004129e-05
0.3217695635894663 2.6814287372916592e-05 3.399483262459991e-05 5.493733680534922e-05
0.3510213420975996 3.152878854839729e-05 4.310349850843676e-05 7.144615893570645e-05
0.3802731206057329 4.45766117288838e-05 6.669230414173069e-05 0.00011407664755098137
0.4095248991138662 3.868617308169092e-05 4.654887231178756e-05 7.098475612160575e-05
0.4387766776219995 5.979084179055294e-05 6.970773325615855e-05 0.00010288738396595002
0.4680284561301328 5.5319147355533696e-05 7.895764258949435e-05 0.0001341497790206619
0.4972802346382661 6.260769064794745e-05 8.330331625513018e-05 0.00012471788312381392
0.5265320131463994 7.338682742975535e-05 9.432938029745531e-05 0.00014834385574858704
0.5557837916545327 8.022444904995843e-05 0.00010177232133016769 0.00016062446792730373
0.5850355701626659 8.210932182012153e-05 0.00010160986085161351 0.0001593719440908029
0.6142873486707993 7.471018265544241e-05 9.923346184424005e-05 0.00015258747556413894
0.6435391271789326 9.723853204187818e-05 0.00014110361438511132 0.00023846051440775494
0.6727909056870659 0.0001089546473779449 0.0001401137116642639 0.00022343280617126223
0.7020426841951992 0.0001053631853300362 0.00017816140779541756 0.00031485241101895234
0.7312944627033324 8.320622477681014e-05 0.0001011219863281436 0.0001480607011171605
0.7605462412114657 0.00012059782720935044 0.0001560915441766764 0.00024079884553688806
0.7897980197195991 0.00013295042247899008 0.00018973131571278792 0.0003001901725800634
0.8190497982277324 0.00012762677200647994 0.00018067720750636384 0.0003024392864499276
0.8483015767358657 0.00014215168778661602 0.000176181542949412 0.00026300088168544947
0.877553355243999 0.00013215852685586883 0.000170337294504217 0.0002600900187519477
0.9068051337521322 0.00018682417916034141 0.0002766433249913812 0.000446530175604914
0.9360569122602656 0.00016123902060245234 0.00020987905279882868 0.00033029461042422665
0.9653086907683989 0.00015005749212579426 0.0001759929504651027 0.0002645864094340035
0.9945604692765322 0.00020137903606493615 0.00024277265284163637 0.0003503198516744232
1.0238122477846654 0.0001715329310882195 0.00026224505209066645 0.0004246370643227832
1.0530640262927988 0.00015287672012379618 0.00020207503873465266 0.00032285602911418833
1.082315804800932 0.0001838617263568659 0.00026079342038440713 0.0004357756178296663
1.1115675833090655 0.00020532120666375673 0.00032647760460771615 0.0005601030563452968
1.1408193618171987 0.00020242038371650654 0.0002987439502589361 0.0004850360777271483
1.1700711403253319 0.00022268161190171646 0.0003149112950776502 0.00050338121613257
1.1993229188334653 0.00019849632333937775 0.0002439364545002201 0.00035872464052578323
1.2285746973415985 0.00022637443739491054 0.00032313130005682 0.0005221402102878453
1.257826475849732 0.00019595963784054752 0.0003094474292149483 0.0005197241245809093
1.2870782543578652 0.000184609371245789 0.0002476968593738719 0.0003895066792067374
1.3163300328659984 0.00014534431150887408 0.00026825814628075244 0.00048653624461466715
1.3455818113741318 0.00018312912324691685 0.0002777079759135104 0.00046998957642250183
1.374833589882265 0.0002493035096295315 0.00038839330075014544 0.0006457634384970248
1.4040853683903984 0.0002298504698344205 0.0003324121469039297 0.0005285036048965736
1.4333371468985316 0.00019624828534068855 0.00031243626788212553 0.0005274249290614239
1.4625889254066649 0.00020141996361990307 0.00025787001121115906 0.000390270131261361
1.4918407039147983 0.0002368948736746924 0.00029278524865333576 0.00044190235905451674
1.5210924824229315 0.00017107692944088814 0.00022671867675408804 0.00037584391348481774
1.550344260931065 0.00019231409344151206 0.00021375559241235947 0.0003021990642424567
1.5795960394391981 0.00020996441348218177 0.0003213441128707088 0.0005136415032199625
1.6088478179473316 0.00018805764429005473 0.00025796079287219737 0.00040184766824909537
1.6380995964554648 0.00021398252111654728 0.00028930920744086447 0.0004756323098320641
1.667351374963598 0.00016263236928930466 0.00019747770649646273 0.00030132821692955365
1.6966031534717314 0.00021088736603264196 0.00028353760825334764 0.0004732440082368593
1.7258549319798646 0.00017023495917480792 0.00023185465459203626 0.0003751400643161908
1.755106710487998 0.00015005097566350448 0.00021986779109898217 0.0003645023999512738
1.7843584889961313 0.00017873376452227566 0.0002272984399310561 0.00033439638597370025
1.8136102675042645 0.0001734429577437543 0.0002586767242373703 0.00043429178820002056
1.842862046012398 0.00016025891867038695 0.00023471218727996452 0.00036775467952628667
1.872113824520531 0.0001664488486805626 0.00020402168788478302 0.0003310762949784014
1.9013656030286645 0.00014993779714043146 0.00018758918978762214 0.0002919233809084117
1.9306173815367977 0.00015043240233333693 0.00019941500709288375 0.0003111381333353375
1.959869160044931 0.00013771502314201105 0.00019044881049002475 0.0003068894596404903
1.9891209385530644 0.00014735399410821594 0.00020764152302898332 0.00031942471859553687
2.018372717061198 0.00014304460057755779 0.00017921718497414886 0.0002731108204837147
2.047624495569331 0.00010252041727125882 0.00014930206996075263 0.0002445271768646149
2.0768762740774642 0.00010266625517975558 0.0001447179302340681 0.0002438710025749282
2.1061280525855977 9.986518545932142e-05 0.00013036292467052436 0.00019568444566239233
2.1353798310937306 0.0001096214258086918 0.0001433939527779494 0.00021968482301006658
2.164631609601864 7.791558503930909e-05 8.775489699906597e-05 0.00012421447379909117
2.1938833881099975 0.00010665089349627124 0.0001418994311955211 0.00021915304753329827
2.223135166618131 6.515615226944217e-05 8.522199042373839e-05 0.00013307276897232665
2.252386945126264 7.920619744466844e-05 0.00010446208514571165 0.00016578749393524994
2.2816387236343973 6.175806012577709e-05 7.175909058248096e-05 0.00010875054358615252
2.310890502142531 6.078390130157101e-05 8.6854376942092e-05 0.00014994519367959524
2.3401422806506638 5.3477597958079986e-05 7.44930696950392e-05 0.00012242395602432492
