0.02 0.0009773290176069238 5.920722013476328e-07 2.868271069813595e-07
0.04 0.0038681488462731072 3.4690869260286697e-06 1.4745965861886937e-06
0.06 0.008608271683257642 1.1466198292691921e-05 4.869246004989484e-06
0.08 0.015129586467119926 3.300234629104965e-05 1.0899777647803748e-05
0.1 0.023362310241640753 6.235136076630066e-05 2.230725045670851e-05
0.12 0.0332290103659715 0.00011090159229842287 3.9332067953330614e-05
0.14 0.044633734989053986 0.00011377285618936845 4.66559771705764e-05
0.16 0.05754365561765144 0.0002271360125331453 7.664709813925737e-05
0.18 0.07186630725236656 0.00037843235478014374 0.00012448050365004794
0.2 0.0874758021508067 0.00044301273063202835 0.00016066008236080676
0.22 0.10429282545879914 0.000532448654734155 0.00018435506545817656
0.24 0.12237015171307096 0.0008749862848275829 0.0002970518362380438
0.26 0.1413830287450735 0.0008635247285060114 0.0003180247381473583
0.28 0.1613448048863905 0.0008129246397485971 0.00033692110830861805
0.3 0.1823056071949935 0.0014656482455580931 0.0004283902222719772
0.32 0.20399315495357334 0.0012028752194381642 0.0004647926805348025
0.34 0.22662057320526827 0.0019550472658035737 0.0006901574356418446
0.36 0.24960635199422954 0.0020765580092468815 0.0006449219557399992
0.38 0.2734708541646445 0.002441897328389241 0.0009101448256952367
0.4 0.2973590077128254 0.001974567496563254 0.000746415518212402
