0.02 0.001110578326999729 0.0004929902941930833 0.00016098125624624697
0.04 0.004029875617351466 0.0014943053224033755 0.0005765399536571732
0.06 0.008554148124995107 0.0038461157104344884 0.001495220927729314
0.08 0.013863002009265784 0.0070630364074271415 0.0026619953401686575
0.1 0.0205171652223481 0.010891717724001364 0.00476652429961724
0.12 0.027702456795314693 0.019158749603961626 0.007789650427802862
0.14 0.032564439715076526 0.01904433517188433 0.009214446219942508
0.16 0.035736582482274064 0.022118534913122503 0.011694444711898563
0.18 0.044512932602756516 0.029604102273586886 0.016073641966921244
0.2 0.054054637562476235 0.044614430082963875 0.02253078680152228
0.22 0.052996032637976725 0.04296128627873453 0.022669604074062464
0.24 0.06250276328234941 0.07296972148923828 0.02930267917181852
0.26 0.06745737550118534 0.07400927623886427 0.03487188944634368
0.28 0.06828695664854631 0.06940824986053724 0.03590130563316004
0.3 0.06500626083201651 0.07900866774944379 0.03727022813336417
0.32 0.07452541764751328 0.0859337589595701 0.045455000254271245
0.34 0.07332694735690622 0.07227659099371234 0.04171977847876702
0.36 0.09825420641369771 0.13414207052908567 0.0631865577073435
0.38 0.09236708279890682 0.1502884576498055 0.05950832006320557
0.4 0.1030715297823211 0.14608690591448056 0.06551497079722786
