δ=10000.0
ΩR=1.0000000000000002
Ωprime=1.0000000000000002
62831853071.79586
628318530.7179587
628318530.7179587
99.99999999999999
4.999999999999999e-07
0
3.0398082952054255e-20
0.9998247089924627
0.00022901394685423233
0.00010702412739362062
-------
1
1.2159233180821702e-19
0.9994579061739103
0.000987658467720304
0.0003553548449394582
-------
2
2.735827465684882e-19
0.9987363415789066
0.0016753068555597362
0.0007730054083232385
-------
3
4.863693272328681e-19
0.9975980347509164
0.004249073687084082
0.0015969719773134294
-------
4
