0.0029982329543784708
0.003187227813988318
0.0004191791095583928
0.0007403132319131387
0.0005818584756286347
0.0034746335105009414
0.0036420575519984584
0.00047875463845243113
0.0005095958601007164
0.0021038190193771815
0.004665899115083644
0.003264733577200822
0.0007554149645826599
0.0025696546108345537
0.000985998275909463
0.0020213461355434413
0.0012313840803185939
0.0005185585561711944
0.002808174309600656
0.0024055230370547474
0.007255493843230495
0.0018351430065466502
0.003382406413548096
0.0008401956133757933
0.0026344079284474327
0.00039707816760275403
0.005643496934482307
0.0017370917153039411
0.00689281404199749
0.0014182413160802234
0.001255087242560244
0.00032733055782556994
0.0013466992341607219
0.00032765890157255336
0.005917836422273623
0.0028907920017254528
0.0025262326425146016
0.003734158499526954
0.0009569709721753084
0.0066996554050609445
0.005421156881718867
0.000905363798301678
0.0038986208213744925
0.0015929822454602359
0.0025556425196007174
0.001488619599615179
0.0019693930882856555
0.001687749093490721
0.003543775946787934
0.0018717595513558774
0.002288963991133501
0.0012585265704573496
0.0007121731698948077
0.004124246393243594
0.0033766430135668516
0.0019888414663671522
0.004530251895413277
0.00434513890075094
0.0006677547163907496
0.0024941080193464937
0.002214328868126337
0.004648848077960591
0.003007844229545016
0.002854608557330006
0.0008466200605316039
0.0036050533083669505
0.0004886344522859348
0.004686900115067792
0.002931484318634147
0.004289327560749464
0.0017724501733679128
0.006322438244109166
0.0004192330207613583
0.0005915430049324928
0.0069912407013598115
0.0007889843000697117
0.010005437810107525
0.0009203966745663698
0.0009639499892035514
0.0026886914607430687
0.0009370987956346569
0.0017798796611980933
0.004206509109494728
0.0008123396418795592
0.002626198040017637
0.003354294843434357
0.005828943457719834
0.0025892711860821807
0.0024807911991389206
0.006479414463346205
0.005103572039540744
0.002016316009709618
0.003552457257160355
0.0018176513275775998
0.0013794530224393827
0.005873754740507586
0.0005393607936580283
0.0015467674839864949
0.0028146450268743198
0.0005742510153747478
0.00035697379677677673
0.0022873652064180324
0.003626014801619866
0.0011899109905799687
0.00037757290132988384
0.001781115548393345
0.005389144906339412
0.0034016286775085136
0.0014378867413716023
0.001214691231146493
0.001299834092728712
0.0035583783892160622
0.00040284467771068983
0.002210120239460907
0.0016121167652571537
0.001483986910351672
0.0038090236545248947
0.0009652790650591252
0.0011797989340691904
0.001136773465762731
0.0015952832757013227
0.0031282414789044503
0.0009164489982317245
0.0037557900110918307
0.0017574759439142676
0.0024942856609757942
0.004628084279269239
0.0015568317625535627
0.0029904885848344867
0.0023875538382218267
0.002619002540665154
0.0027760127252926784
0.00040063265826064434
0.0008123149457872974
0.002195550060792033
0.003225813878570109
0.0003923740637564946
0.0008580714883990707
0.0004102365695127615
0.0019362083188562708
0.0028871534453138318
0.0032032874328769734
0.005941358423371684
0.0015351283518109226
0.0008021061297843476
0.0019053096350291811
0.004036767363365139
0.002792770229969727
0.0007761931218975321
0.0019507200528435418
0.006541713470086253
0.001112946295538582
0.0024475850951320714
0.0020290666762173798
0.0011277761055974594
0.0038007977194198838
0.00237828385090352
0.003951842462171996
0.0008189525171102297
0.0022696497414223917
0.0028202928080616335
0.008580150595330335
0.0016796172796297085
0.0011704413622420533
0.001655697206236665
0.004201940049060899
0.0023392293603524527
0.0019482499489433937
0.0012575943304935619
0.0003991466280152464
0.002961576076547613
0.009896759241455331
0.003019389223789556
0.0023311773807983653
0.002040253809227323
0.0011554876147841142
0.004483969502682593
0.0008822671185853975
0.0011078217319103808
0.0036430704436317563
0.0003565718963124354
0.0016277471079597274
0.004987836150485562
0.0009762470327116611
0.0048343142188408935
0.0043774897256158695
0.0006686796341547418
0.0020596462700076244
0.0003372305480998214
0.0038918692929985873
0.001616640437252876
0.004807835449286707
0.0017364454254658818
0.005432101047891271
0.0010546525419634525
0.002250197267414662
0.0023014513029472996
0.0019960173241579614
0.002123357451265085
0.001058556798263984
