2000 1.8487303929040712e-11 0.001
2000 8.338556417745686e-11 0.002
2000 6.768605896812759e-10 0.005
2000 5.464185247620704e-09 0.001
2000 1.3029930425204446e-07 0.03
2000 4.139801933118776e-06 0.1
2000 3.087962932048902e-05 0.2
2000 0.0001111541157316784 0.3
2000 0.00022539726198044513 0.4
2000 0.00039468514509419976 0.5
2000 0.0006780592103085914 0.6
2000 0.00102713193563137 0.7
2000 0.001299112471871219 0.8
2000 0.0015941459841732207 0.9
2000 0.002117060264870678 1.0
2000 0.0022811315230305343 1.1
2000 0.0023642855334719856 1.2
2000 0.002936775104032465 1.4
2000 0.0030434098844581464 1.6
2000 0.003129918611733052 1.8
2000 0.0031391979144611702 2.0
2000 0.003271363250031328 2.5
2000 0.0031862980292359346 3.0
2000 0.00297717541224023 3.5
2000 0.0031993125623233456 4.0