δ=10000.0
ΩR=1.0000000000000002
Ωprime=1.0000000000000002
62831853071.79586
628318530.7179587
628318530.7179587
99.99999999999999
4.999999999999999e-07
0
3.0398082952054257e-18
0.9974099276603278
-------
1
1.2159233180821703e-17
0.9903555648185883
-------
2
2.7358274656848833e-17
0.9794388011528887
-------
3
4.863693272328681e-17
0.9648345606537345
-------
4
1.5199041476027131e-16
0.8993242791142462
-------
5
2.1886619725479066e-16
0.8368474376386839
-------
6
2.9790121293013173e-16
0.8826246119548375
-------
7
3.890954617862945e-16
0.8708248139030823
-------
8
4.924489438232788e-16
0.8253751895211382
-------
9
6.079616590410853e-16
0.7414329775280989
-------
10
7.356336074397129e-16
0.7451629684863434
-------
11
8.7546478901916265e-16
0.7553753330681642
-------
12
