δ=10000.0
ΩR=1.0000000000000002
Ωprime=1.0000000000000002
62831853071.79586
628318530.7179587
628318530.7179587
99.99999999999999
4.999999999999999e-07
0
1.2159233180821702e-19
0.9998301273915173
-------
1
4.863693272328681e-19
0.998663629711439
-------
2
1.0943309862739529e-18
0.9977161207776604
-------
3
1.9454773089314723e-18
0.9956368248382856
-------
4
3.0398082952054257e-18
0.9941828098355446
-------
5
4.3773239450958114e-18
0.9894820799930155
-------
6
5.958024258602634e-18
0.9846082794514429
-------
7
