δ=10000.0
ΩR=1.0000000000000002
Ωprime=1.0000000000000002
62831853071.79586
628318530.7179587
628318530.7179587
99.99999999999999
4.999999999999999e-07
0
3.0398082952054257e-18
0.9993148594841577
-------
1
1.2159233180821703e-17
0.99597777404069
-------
2
2.7358274656848833e-17
0.9953099437749664
-------
3
4.863693272328681e-17
0.9869577916671932
-------
4
7.599520738013566e-17
0.9792171098752032
-------
5
1.0943309862739533e-16
0.973619387788012
-------
6
1.4895060646506587e-16
0.9743978051661293
-------
7
1.9454773089314725e-16
0.964716751786412
-------
--
8
4.924489438232788e-16
0.8635693203549033
-------
9
6.079616590410853e-16
0.8504443239496923
-------
10
7.356336074397129e-16
0.8746454436878346
-------
11
