0.02 0.00012368231617160969 0.00012306988827341835 0.00014991082406696577
0.04 0.0009172653402455099 0.0010965941664500393 0.001565463999460273
0.06 0.001369200613750649 0.0020900837330520504 0.0037780632873125144
0.08 0.002438972327892526 0.002926776686573588 0.005201650102169468
0.1 0.005711059986402392 0.006062422054843508 0.008810506370081898
0.12 0.009603209385783778 0.009696890993558945 0.013393978057012356
0.14 0.015263452208123423 0.023151331858638317 0.03876490883021465
0.16 0.012387161908575178 0.012492107579250204 0.022748695524972336
0.18 0.02137781305128288 0.018130887313833288 0.02194578645776852
0.2 0.024464559581428423 0.017373247746982512 0.026508667759877043
0.22 0.04070543188910842 0.0334909581404043 0.04658288975011101
0.24 0.059997375307179045 0.050812185964357166 0.06993686289322655
0.26 0.061094866558928006 0.06071169237414172 0.0886554300575947
0.28 0.09125958994448319 0.06603096699477852 0.0864557607866156
0.3 0.07451756562675796 0.04850550402860495 0.062136859932719966
0.32 0.11947407092657596 0.08331642142423679 0.10226172650108585
0.34 0.15258959515858672 0.08485784977467294 0.09042347101326909
0.36 0.1434185893039978 0.1019331256261633 0.1356653633694994
0.38 0.1330816331838815 0.08616110524186912 0.12137003420176641
0.4 0.17091975780470559 0.09213201598613255 0.1006125263644021
0542601189
0.4 0.0028063428880478677 0.0029365848744629755 0.0037821488387755147
