10000.0 5.9721691955111034e-05 7.499999999999998e-05 0.00029481879206475295 5.1465229667655285e-05
20000.0 0.0004309157977727707 0.0003 0.0035166337351095075 0.0003830410576997558
30000.0 0.0005107371650214462 0.0006749999999999999 0.002255858669952502 0.000430062462998454
40000.0 0.001856922931611856 0.0011999999999999997 0.017469701506529475 0.0015754838041757912
50000.0 0.0011574618877709453 0.0018749999999999997 0.005325606666972318 0.0009699211324120809
60000.0 0.00183794842437879 0.002699999999999999 0.005072071879115505 0.0015054731564088345
70000.0 0.003074184464684319 0.003675000000000002 0.011300225530529348 0.0024764916668076255
80000.0 0.0044863239236201035 0.0048 0.017892617836239678 0.003665071614385284
90000.0 0.007835964183749967 0.006074999999999999 0.04488463766553344 0.006299696969116598
100000.0 0.005323247346705251 0.0075000000000000015 0.019041620052400402 0.004123479811100522
110000.0 0.007005810225363005 0.009075000000000001 0.02340390581136697 0.005364372710994491
120000.0 0.011548924194873295 0.010799999999999999 0.04790245804069397 0.009354450250572929
130000.0 0.014459959765656298 0.012674999999999997 0.06564176040214495 0.011359386342181
140000.0 0.011445495445145164 0.0147 0.05603894814039017 0.009134168369574062
150000.0 0.018833520057654214 0.016874999999999998 0.07169527193594591 0.013885140673259593
160000.0 0.016026001357166742 0.019199999999999995 0.047831274176904595 0.010647428022209481
170000.0 0.02133963563233177 0.021674999999999996 0.06131360066709876 0.015423302207724601
180000.0 0.023356222670089258 0.02430000000000001 0.06592671272423543 0.017898594075854014
190000.0 0.02264293175660895 0.027074999999999988 0.04536765899184231 0.01618738678537086
200000.0 0.02941363186652836 0.029999999999999995 0.08925799344623943 0.022182535057537065
210000.0 0.029992246868118598 0.033075 0.09771545601631262 0.021547484213105914
220000.0 0.02796262465855226 0.03629999999999999 0.09160123045183417 0.02079186108830668
230000.0 0.031850251916976415 0.039674999999999995 0.07980214192434142 0.022402788809584212
240000.0 0.033155861061854836 0.04319999999999998 0.07246903263022725 0.024172562874643477
250000.0 0.051693302348691655 0.04687499999999999 0.13469279614745658 0.03768173963665587
260000.0 0.04492072561021845 0.0507 0.08126136916401629 0.033095743173615334
270000.0 0.04095256506551752 0.05467500000000002 0.07132198892748938 0.030570685652611312
280000.0 0.041998220625466647 0.05880000000000003 0.08378247598993432 0.030075120365940233
290000.0 0.06509923938979559 0.063075 0.1091569054512663 0.04626355402507537
300000.0 0.07217601548944516 0.06749999999999998 0.17742960768407517 0.05407538169037009
310000.0 0.04866464743562391 0.072075 0.09841438626980152 0.031297390832901874
320000.0 0.05208263661518254 0.0768 0.09571292830592748 0.03835982515345483
330000.0 0.05532683075075748 0.08167500000000003 0.10261609605200601 0.037695641107594206
340000.0 0.06789773672276027 0.08669999999999997 0.11335108171451137 0.04885693695641777
350000.0 0.08064430264045534 0.091875 0.1519242111548278 0.05543875757412503
360000.0 0.06351675237883275 0.09719999999999998 0.11761241103387453 0.04134645133691951
370000.0 0.0956103388448563 0.102675 0.17029083261401812 0.06919235482075037
380000.0 0.07728603439475838 0.1083 0.1425565976265436 0.0561696428339218
390000.0 0.10860664443570775 0.114075 0.18307799791286888 0.07711145603248161
400000.0 0.08661185801652045 0.12000000000000002 0.12348572740990331 0.06186906719350383
410000.0 0.11540900865102584 0.126075 0.1444247439253479 0.07959595600551134
420000.0 0.11928861492995249 0.13230000000000003 0.16886368027972673 0.08404137770796895
430000.0 0.112395683720196 0.13867500000000002 0.18104131891805056 0.07718988452287057
440000.0 0.11570855960075495 0.14520000000000002 0.1783595988390102 0.08404525028420655
450000.0 0.1500119569640742 0.15187500000000004 0.20952434326699929 0.10672250331592703
460000.0 0.10745816759414874 0.1586999999999999 0.14440101881078027 0.08178480492825424
470000.0 0.14494252128706328 0.16567500000000002 0.15806505851759886 0.09735680566752136
480000.0 0.11459859620768242 0.17279999999999998 0.21040050438584804 0.07590699503251129
490000.0 0.1370737813500199 0.18007499999999996 0.190416987243747 0.09398972506924273
500000.0 0.13984087191644456 0.18750000000000006 0.2136963974951855 0.09045930522202583
510000.0 0.14706683930680167 0.19507499999999997 0.20555082432814828 0.1018439326664588
520000.0 0.18500924082334574 0.20279999999999995 0.20645891922981874 0.12403336973931132
530000.0 0.1579805722094495 0.210675 0.21097365926683367 0.11585249984048898
540000.0 0.15004285454815428 0.21869999999999998 0.21331942767198814 0.10382669072655784
550000.0 0.1837041716117086 0.226875 0.2375933597955235 0.12630042307877348
560000.0 0.17582496168043027 0.2352 0.24597823458300078 0.11271968309164382
570000.0 0.17199173348602914 0.243675 0.24241742827646276 0.11663111770153968
580000.0 0.21580209305472256 0.2523 0.2262854350428574 0.14477217889456578
590000.0 0.21436205752313878 0.261075 0.22713032343819192 0.1485744560115238
600000.0 0.19137485357388012 0.26999999999999996 0.24663762343694895 0.1318784554013561
610000.0 0.194269838645602 0.27907499999999996 0.2654973805396862 0.1307873070332491
620000.0 0.22508565329638788 0.2883000000000001 0.2833974999108199 0.15508776358194054
630000.0 0.2364317855492807 0.2976749999999999 0.30003696087857173 0.16732114507466922
640000.0 0.23874540903984878 0.3071999999999999 0.2912752640602817 0.15383118966340603
650000.0 0.2370421095289708 0.316875 0.28285467665305314 0.15442036132762516
660000.0 0.24752591238320243 0.32669999999999993 0.28479273867066046 0.17503397621388114
670000.0 0.22724538704871144 0.336675 0.2959444611615197 0.15613032132480678
680000.0 0.23363517702426465 0.34679999999999994 0.2369378908391856 0.15730627105408612
690000.0 0.2719933660966626 0.357075 0.31257074053306405 0.1793670275673512
700000.0 0.28722127809502185 0.3675 0.32352458272961054 0.20361468047917497
710000.0 0.2542201177527913 0.37807500000000005 0.28450507918481577 0.1765507509339308
720000.0 0.2578224287638953 0.38880000000000015 0.3183703835837332 0.17138613981267128
730000.0 0.22484033864585154 0.39967499999999995 0.24880413383003272 0.1475663349666073
740000.0 0.25880577256144915 0.41069999999999995 0.3159632768358227 0.1831435875414548
750000.0 0.3016625271773896 0.421875 0.2929591326456301 0.20762360991307285
760000.0 0.2793980538784905 0.4331999999999998 0.31453025837394327 0.2074967356248449
770000.0 0.31175354695250995 0.444675 0.30568875476276003 0.19212138581047236
780000.0 0.2598326311640783 0.45629999999999993 0.2960529940585748 0.17590752027583634
790000.0 0.2758670862795396 0.46807499999999985 0.30859588958666156 0.19441275903423405
800000.0 0.33573262290766936 0.4799999999999999 0.29625635400753153 0.23692990894247654
