<<<<<<< HEAD
0.01 0.00025742263164815337 0.0005236271448382985 0.00020076780740867296
0.02 0.0008997721032984383 0.0023879920568767284 0.0006871514837966202
0.03 0.0022774651463989266 0.004368703079103506 0.0017296374633224503
0.04 0.0038201456646774186 0.006765634997586588 0.0028174060584629426
0.05 0.005605571809191925 0.013716201653254467 0.004264963086575458
0.06 0.009472025113373035 0.02120641703722232 0.007308881661519442
0.07 0.012570129750665791 0.0255911086643499 0.009294339623340891
0.08 0.017625180875983984 0.035617618722792746 0.013275172612536698
0.09 0.017052895635103336 0.036700485232124595 0.012674318247665519
0.1 0.02111265716072315 0.04067424419523554 0.016455464394300574
0.11 0.027669259128204997 0.05320567847821549 0.020382283994400723
0.12 0.0318532284264638 0.06379008946324231 0.02342504467780914
=======
0.01 0.0007554831373727814 0.0020724873167851762 0.0005583103811734687
0.02 0.004231750995782834 0.00746062363143171 0.0031998335408749473
0.03 0.009551217198167405 0.02199924341092662 0.007189662350385156
0.04 0.01610896642938099 0.03475147705445426 0.011966824823011509
0.05 0.02201203070887693 0.054848343479005884 0.017102896212878346
0.06 0.03938761370897885 0.08675850933131919 0.029798869234919666
0.07 0.04247115853043562 0.08636663498377944 0.03100340877673998
0.08 0.05683904036075168 0.1121470115778558 0.04305059567873365
0.09 0.09156554719702577 0.1890455513721321 0.07024085811142458
0.1 0.09806057126162727 0.21361876089516202 0.07551070662170403
0.11 0.12336142858883353 0.2477497482674172 0.09029782085490015
0.12 0.12125329905674026 0.21718018279708753 0.09221832076370615
>>>>>>> 5132a200f7084cbe7c5a160c1f61d81e566d6a84
