0.01 6.0605528538618464e-05 0.0001297064043659699 4.456474709295335e-05
0.02 0.00023115078715712532 0.00047120875418032256 0.00017679286850047398
0.03 0.0005384390266152335 0.0011638937711115254 0.00041002158477258956
0.04 0.0009501822016441904 0.0020404658928927953 0.0007370105549313101
0.05 0.0014235072032823643 0.0037475197876743072 0.0010648082897775472
0.06 0.0018884695648719565 0.004145539159345607 0.0014503633644052873
0.07 0.002858691557069668 0.007392477502646111 0.0021521023588138544
0.08 0.003910138740647538 0.007585762708807364 0.002992344557006949
0.09 0.0049127038454780305 0.011080258634540593 0.0036976043732975354
0.1 0.006079861953566939 0.010079408522627384 0.004634184589282536
0.11 0.008965640987329472 0.024856370391097192 0.007031788479037464
0.12 0.009041461543141276 0.01873113041895367 0.006733600803692643
