0.01 2.858178340383778e-05 5.6675011410353086e-05 2.1568290953970505e-05
0.02 9.341627932589492e-05 0.0001981512233776025 7.135820384957955e-05
0.03 0.00021534661015640237 0.0004677407341910029 0.00015764579745627198
0.04 0.0003441677828906644 0.0007699017396230753 0.0002701330741158117
0.05 0.0006077270070038292 0.00129840270467324 0.0004628553249961086
0.06 0.0009754757495239391 0.002561385856248466 0.0007445670269900501
0.07 0.0010396435235784853 0.0022202775597853826 0.0007978591792195941
0.08 0.0018190536241478139 0.004355661356561318 0.001354465196595193
0.09 0.00237283495845397 0.005154466606902808 0.0018354666714550543
0.1 0.0028371974963091883 0.006595646768528086 0.0021415142014066866
0.11 0.0031294923257343455 0.005706452418606837 0.0024614325832188057
0.12 0.003247535241236893 0.0071932560847043844 0.002379906537604559
