0.01 1.0746094499067002e-05 2.702778213616455e-05 8.349547892281885e-06
0.02 4.9744454954266416e-05 0.0001001745454210485 3.676306016250276e-05
0.03 0.00011356576229194864 0.00022294622600911124 8.73874761512381e-05
0.04 0.00021486983116800255 0.0005354248247251104 0.00016074072982953913
0.05 0.0002917345893818513 0.0006303622398707421 0.0002245743755739098
0.06 0.000386550759239675 0.0010197716009356756 0.0002963296504748256
0.07 0.0006492078670817058 0.0013776799099876086 0.00048070478755957223
0.08 0.000706525069049064 0.0015205823177809475 0.0005404904738466007
0.09 0.0010667515996893083 0.002758263915557133 0.0008225969509121878
0.1 0.0012217434813565392 0.0023752459326111695 0.0009345643923819619
0.11 0.0014467083390459839 0.0032608402473637194 0.0011493093024227288
0.12 0.0016187134193032305 0.0030655744111579234 0.0012067450629660332
