0.02 0.00025421846209635354 0.000388862999930028 0.0007961836008135089
0.04 0.00048187965443577076 0.0006042922233877153 0.0009743208963691154
0.06 0.0016623498482357137 0.0015870383293100402 0.001903473954317653
0.08 0.007913680620407676 0.008513351437509765 0.011152010823368409
0.1 0.005132263611419423 0.005118911362867649 0.006720865931815689
0.12 0.010698782061165871 0.01095872024773538 0.01427707932803219
0.14 0.013520001720165108 0.015022891100167302 0.023924006761885747
0.16 0.008659571676513508 0.005458804331049889 0.006245084404881401
0.18 0.026283737968709486 0.026422889763026175 0.04175962297100008
0.2 0.03216690341184129 0.023306854215838918 0.024015370827349183
0.22 0.029676773600707203 0.020966891352157454 0.028538620732551343
0.24 0.04248410143699679 0.043855733973629164 0.07030626589334876
0.26 0.05212808101085675 0.027268726324588703 0.03444500859152879
0.28 0.0841463610132652 0.0423703115276337 0.055119075532425885
0.3 0.07128926690569995 0.04027332933554687 0.05218129880089144
0.32 0.1473274026854656 0.10466325990010558 0.12767293274441127
0.34 0.1559580579481865 0.1060058429719931 0.1359322492908402
0.36 0.1649420379820242 0.09426726753935813 0.11615374149299586
0.38 0.17919810988750615 0.13066222609807332 0.14541589618872094
0.4 0.1716820814314845 0.08885668600968058 0.1093814614370669
