0.02 6.673781412996874e-06 1.0222781568330227e-05 1.5756957098296263e-05
0.04 1.821175694387966e-05 3.0399130977281648e-05 5.550868240657138e-05
0.06 4.048029476129994e-05 4.891167749281874e-05 6.255358835828e-05
0.08 7.273657842241956e-05 9.498874149618615e-05 0.00014028752711714895
0.1 0.00012571614305396416 0.0001779072715011156 0.0002705830883572881
0.12 0.00013211603539096608 0.0001810726313193501 0.00027202436382954825
0.14 0.0003583576361196013 0.0007106616361800172 0.0017097847567460165
0.16 0.0003644276160645957 0.0004262218800838062 0.0007348542162538297
0.18 0.00039517940359445685 0.00036530735371218816 0.0005179394880336214
0.2 0.00047972069114783573 0.0005934443721639881 0.0007705498064027394
0.22 0.0006961850836379431 0.0006314421730702344 0.0007964775034468771
0.24 0.0006156094139211432 0.000973322887100916 0.0015021734532363034
0.26 0.0008416837899711428 0.0010059227273044918 0.001563561021791108
0.28 0.0009173892337318535 0.0013794694719703796 0.0021914591372517323
0.3 0.0009338716834233996 0.0012008848139111064 0.001919019146935592
0.32 0.0011245493866093956 0.001956377423718562 0.0036336810486918363
0.34 0.0015745155760910818 0.0013891831769387028 0.0017999721366882178
0.36 0.001721943761615896 0.0016821107149085645 0.0023423224257588344
0.38 0.0020532548080164424 0.0019089992550692697 0.0026326025018015117
0.4 0.002303123883958928 0.0027364779258281387 0.004383258818206532
