0
0.016114015987298013
0.016114015987298013
0.006074999999999999
1
0.0310663254790827
0.0310663254790827
0.02430000000000001
2
0.04747827368206951
0.04747827368206951
0.05467500000000002
3
0.0562497333721163
0.0562497333721163
0.09719999999999998
4
0.07233903210436687
0.07233903210436687
0.15187500000000004
5
0.08459777494158732
0.08459777494158732
0.21869999999999998
6
0.0954679321361934
0.0954679321361934
0.2976749999999999
7
0.11030381980743147
0.11030381980743147
0.38880000000000015
8
0.11774287371403096
0.11774287371403096
0.49207500000000004
9
0.13427930660878107
0.13427930660878107
0.6075000000000003
10
0.14614156909859144
0.14614156909859144
0.7350750000000004
11
0.14282819776250721
0.14282819776250721
0.8748000000000004
12
0.16030939111286385
0.16030939111286385
1.0266749999999996
13
0.18709707987605353
0.18709707987605353
1.1906999999999996
14
0.18855957443800328
0.18855957443800328
1.3668749999999998
15
0.19082008129338443
0.19082008129338443
1.5551999999999997
16
0.2055962995414281
0.2055962995414281
1.7556750000000005
17
0.21372130571195289
0.21372130571195289
1.9682999999999997
18
0.21786054314226744
0.21786054314226744
2.1930750000000003
19
0.23339367696616825
0.23339367696616825
2.4300000000000006
20
0.24541120001583377
0.24541120001583377
2.6790750000000005
21
0.2491788152300751
0.2491788152300751
2.940300000000001
22
0.25889206277783056
0.25889206277783056
3.2136749999999994
23
0.26592035707440936
0.26592035707440936
3.4991999999999996
24
0.2721254921252518
0.2721254921252518
3.7968750000000004
