0
0.014343112228108757
0.014343112228108757
0.02430000000000001
1
0.03067056980866201
0.03067056980866201
0.09719999999999998
2
0.040959436504960686
0.040959436504960686
0.21869999999999998
3
0.05912614792213309
0.05912614792213309
0.38880000000000015
4
0.07264876546262745
0.07264876546262745
0.6075000000000003
5
0.08210365329796188
0.08210365329796188
0.8748000000000004
6
0.09753226554432212
0.09753226554432212
1.1906999999999996
7
0.10960631170819132
0.10960631170819132
1.5551999999999997
8
0.1230637196841661
0.1230637196841661
1.9682999999999997
9
0.13664860768289033
0.13664860768289033
2.4300000000000006
10
0.1460241153783995
0.1460241153783995
2.940300000000001
11
0.1629628331940321
0.1629628331940321
3.4991999999999996
12
0.17432176030881316
0.17432176030881316
4.1067
13
0.1776440349653497
0.1776440349653497
4.762799999999999
14
0.18106828436595884
0.18106828436595884
5.467500000000003
15
0.19377714219028294
0.19377714219028294
6.220800000000002
16
0.20690839046751228
0.20690839046751228
7.0226999999999995
17
0.21725303517304453
0.21725303517304453
7.873200000000001
18
0.2291300983916414
0.2291300983916414
8.772300000000001
19
0.24918029775975753
0.24918029775975753
9.720000000000004
20
0.23708231673143892
0.23708231673143892
10.7163
21
0.24501050686134979
0.24501050686134979
11.761200000000006
22
0.24501342043301372
0.24501342043301372
12.85470000000001
23
0.26018114653289826
0.26018114653289826
13.996800000000006
24
0.2667068229283932
0.2667068229283932
15.187499999999995
