0
0.014832436613863301
0.014832436613863301
0.0009720000000000004
1
0.03191047065601508
0.03191047065601508
0.003888
2
0.04353208645299016
0.04353208645299016
0.008748000000000002
3
0.05968185552743305
0.05968185552743305
0.015552000000000007
4
0.07154556005157667
0.07154556005157667
0.02430000000000001
5
0.07752451351602706
0.07752451351602706
0.034992000000000016
6
0.09947695024955157
0.09947695024955157
0.04762799999999998
7
0.1080684962514138
0.1080684962514138
0.062208
8
0.12803603074614875
0.12803603074614875
0.07873199999999995
9
0.12508501969416355
0.12508501969416355
0.09719999999999998
10
0.14436060811777532
0.14436060811777532
0.11761200000000008
11
0.15942630233721208
0.15942630233721208
0.13996800000000004
12
0.1632610509957628
0.1632610509957628
0.16426799999999997
13
0.17776953886442373
0.17776953886442373
0.1905119999999999
14
0.19375162139314336
0.19375162139314336
0.21869999999999998
15
0.19958354053467087
0.19958354053467087
0.2488320000000001
16
0.2029876782879867
0.2029876782879867
0.28090799999999994
17
0.210843479339018
0.210843479339018
0.31492799999999993
18
0.21590741470212987
0.21590741470212987
0.35089200000000004
19
0.2258788352127359
0.2258788352127359
0.38880000000000015
20
0.24962022881841087
0.24962022881841087
0.4286520000000001
21
0.23180995057569845
0.23180995057569845
0.4704480000000003
22
0.24422046436209713
0.24422046436209713
0.5141879999999999
23
0.25988617219273125
0.25988617219273125
0.5598720000000003
24
0.27047827582816564
0.27047827582816564
0.6075000000000003
