0
0.014871745393669084
0.014871745393669084
0.0012
1
0.030701779260882328
0.030701779260882328
0.004800000000000003
2
0.04533528680092117
0.04533528680092117
0.010799999999999999
3
0.05606718077449501
0.05606718077449501
0.0192
4
0.07015300829663328
0.07015300829663328
0.029999999999999995
5
0.0831107247195871
0.0831107247195871
0.04319999999999998
6
0.0961181432868318
0.0961181432868318
0.058799999999999984
7
0.11038472704221733
0.11038472704221733
0.07680000000000005
8
0.12246755463707756
0.12246755463707756
0.09719999999999998
9
0.13297172384144845
0.13297172384144845
0.12000000000000002
10
0.15206501882359016
0.15206501882359016
0.1452000000000001
11
0.15210663554061363
0.15210663554061363
0.17279999999999998
12
0.16663184615729107
0.16663184615729107
0.20279999999999995
13
0.17694287178657514
0.17694287178657514
0.2352
14
0.19560031242902493
0.19560031242902493
0.27000000000000013
15
0.19406017422975988
0.19406017422975988
0.3072
16
0.19851026830410398
0.19851026830410398
0.34679999999999994
17
0.21759058001781154
0.21759058001781154
0.38880000000000015
18
0.2284753032815468
0.2284753032815468
0.4332000000000002
19
0.23223124694954245
0.23223124694954245
0.4799999999999999
20
0.24730370048986722
0.24730370048986722
0.5292
21
0.24138953722249942
0.24138953722249942
0.5808000000000003
22
0.258267937402098
0.258267937402098
0.6348000000000004
23
0.25144790666488126
0.25144790666488126
0.6911999999999997
24
0.2568595387363142
0.2568595387363142
0.7499999999999999
