0
0.014789633963336532
0.014789633963336532
0.0007680000000000001
1
0.030272742061949357
0.030272742061949357
0.003072
2
0.042343653821580236
0.042343653821580236
0.006912000000000005
3
0.059894037768739056
0.059894037768739056
0.012288000000000002
4
0.0716499938289687
0.0716499938289687
0.019199999999999995
5
0.0840201906157322
0.0840201906157322
0.02764800000000001
6
0.10408190089163548
0.10408190089163548
0.03763199999999997
7
0.10344477359387887
0.10344477359387887
0.049152
8
0.11801335774882049
0.11801335774882049
0.062208
9
0.13400764574341265
0.13400764574341265
0.0768
10
0.14235339652618847
0.14235339652618847
0.09292800000000002
11
0.15670647682132502
0.15670647682132502
0.11059200000000008
12
0.16312911235478872
0.16312911235478872
0.12979200000000005
13
0.1788409977788933
0.1788409977788933
0.15052799999999994
14
0.19126575565512116
0.19126575565512116
0.17279999999999998
15
0.1909240805256743
0.1909240805256743
0.19660800000000003
16
0.19749310978153523
0.19749310978153523
0.22195199999999993
17
0.21322599966732775
0.21322599966732775
0.24883199999999997
18
0.22290381721172287
0.22290381721172287
0.27724800000000005
19
0.22363209931957834
0.22363209931957834
0.3071999999999999
20
0.22968736905920775
0.22968736905920775
0.3386880000000001
21
0.24517979977459659
0.24517979977459659
0.3717120000000002
22
0.25302162357050956
0.25302162357050956
0.4062720000000002
23
0.25586138822606397
0.25586138822606397
0.44236800000000015
24
0.26893663914708016
0.26893663914708016
0.4799999999999999
