0
0.010341409741886078
0.010341409741886078
0.0003000000000000002
1
0.020028344382601447
0.020028344382601447
0.0012
2
0.03160551785526299
0.03160551785526299
0.002699999999999999
3
0.03786836438190329
0.03786836438190329
0.004800000000000003
4
0.050442187888255816
0.050442187888255816
0.0075000000000000015
5
0.05605326131901722
0.05605326131901722
0.010799999999999999
6
0.0642957782402857
0.0642957782402857
0.0147
7
0.0802323467190627
0.0802323467190627
0.0192
8
0.08715099052777128
0.08715099052777128
0.02430000000000001
9
0.09180046787650019
0.09180046787650019
0.029999999999999995
10
0.10344399322922858
0.10344399322922858
0.03630000000000002
11
0.11267624026705945
0.11267624026705945
0.04319999999999998
12
0.12121957182941642
0.12121957182941642
0.0507
13
0.1289921473190506
0.1289921473190506
0.058799999999999984
14
0.14465900048021052
0.14465900048021052
0.06750000000000003
15
0.15034177639331167
0.15034177639331167
0.07680000000000005
16
0.15387777007134554
0.15387777007134554
0.08669999999999997
17
0.16285674659416652
0.16285674659416652
0.09719999999999998
18
0.1695356275261383
0.1695356275261383
0.1083
19
0.19042461180870032
0.19042461180870032
0.12000000000000002
20
0.1883645335138158
0.1883645335138158
0.13230000000000003
21
0.1929684876300006
0.1929684876300006
0.1452000000000001
22
0.20425197049365304
0.20425197049365304
0.1587
23
0.20197497082732346
0.20197497082732346
0.17279999999999998
24
0.219597164495568
0.219597164495568
0.18750000000000006
