0
0.015424608256589891
0.015424608256589891
0.0192
1
0.03233991827401759
0.03233991827401759
0.07680000000000005
2
0.046412519594877376
0.046412519594877376
0.17279999999999998
3
0.05443727023974084
0.05443727023974084
0.3072
4
0.06996989418745718
0.06996989418745718
0.4799999999999999
5
0.08341245085924644
0.08341245085924644
0.6911999999999997
6
0.09559935880449763
0.09559935880449763
0.9407999999999997
7
0.11422798468334025
0.11422798468334025
1.2288000000000008
8
0.12162293893068066
0.12162293893068066
1.5551999999999997
9
0.13390067473698342
0.13390067473698342
1.9200000000000004
10
0.1427297833593225
0.1427297833593225
2.3232000000000017
11
0.16389051163889123
0.16389051163889123
2.7647999999999997
12
0.16678953011517303
0.16678953011517303
3.2447999999999992
13
0.17711292408126683
0.17711292408126683
3.7632
14
0.18155810110210746
0.18155810110210746
4.320000000000002
15
0.1946861887091464
0.1946861887091464
4.9152
16
0.20483518999405553
0.20483518999405553
5.548799999999999
17
0.22677157819274776
0.22677157819274776
6.220800000000002
18
0.22785627652513507
0.22785627652513507
6.931200000000003
19
0.22803258979875968
0.22803258979875968
7.679999999999999
20
0.23242349895356654
0.23242349895356654
8.4672
21
0.2574761943743126
0.2574761943743126
9.292800000000005
22
0.25642533282328867
0.25642533282328867
10.156800000000006
23
0.2640532940716342
0.2640532940716342
11.059199999999995
24
0.27679409851899833
0.27679409851899833
11.999999999999998
