0
0.0038859850072699206
0.0038859850072699206
0.00010800000000000004
1
0.007244733293186766
0.007244733293186766
0.0004320000000000003
2
0.010127697841846825
0.010127697841846825
0.0009720000000000004
3
0.014668616546439394
0.014668616546439394
0.0017280000000000006
4
0.017996223742593492
0.017996223742593492
0.002699999999999999
5
0.02181559645113953
0.02181559645113953
0.003888
6
0.026731024598083446
0.026731024598083446
0.005291999999999999
7
0.029928351947472266
0.029928351947472266
0.006912000000000005
8
0.033966430242274415
0.033966430242274415
0.008748000000000002
9
0.03904618573167876
0.03904618573167876
0.010799999999999999
10
0.042016128499791715
0.042016128499791715
0.013068
11
0.04792919905202774
0.04792919905202774
0.015552000000000007
12
0.05472378423293667
0.05472378423293667
0.018252000000000008
13
0.05602315683207273
0.05602315683207273
0.021167999999999996
14
0.06010754458304141
0.06010754458304141
0.02430000000000001
15
0.06595153581983386
0.06595153581983386
0.02764800000000001
16
0.06928516325658195
0.06928516325658195
0.03121199999999999
17
0.06996908958798173
0.06996908958798173
0.034992000000000016
18
0.07599393195216228
0.07599393195216228
0.03898799999999999
19
0.07954917723720421
0.07954917723720421
0.04319999999999998
20
0.0893288074284157
0.0893288074284157
0.04762800000000002
21
0.09017584704371483
0.09017584704371483
0.052272000000000034
22
0.09531041230543746
0.09531041230543746
0.05713199999999998
23
0.09546090332356973
0.09546090332356973
0.062208
24
0.09851404700674238
0.09851404700674238
0.06749999999999998
