0
0.013186287651954127
0.013186287651954127
0.0004320000000000003
1
0.02505927023542439
0.02505927023542439
0.0017280000000000006
2
0.0371794003289634
0.0371794003289634
0.003888
3
0.04685770496733021
0.04685770496733021
0.006912000000000005
4
0.05684819709959021
0.05684819709959021
0.010799999999999999
5
0.07683709595570122
0.07683709595570122
0.015552000000000007
6
0.08186582957368051
0.08186582957368051
0.021167999999999996
7
0.09196551072967502
0.09196551072967502
0.02764800000000001
8
0.10484448910731618
0.10484448910731618
0.034992000000000016
9
0.1064910370372279
0.1064910370372279
0.04319999999999998
10
0.1241783338021682
0.1241783338021682
0.052272000000000034
11
0.13127077854603658
0.13127077854603658
0.062208
12
0.14496413686780635
0.14496413686780635
0.07300800000000005
13
0.15583384592187138
0.15583384592187138
0.08467199999999998
14
0.16004794451230778
0.16004794451230778
0.09719999999999998
15
0.16590092116241592
0.16590092116241592
0.11059200000000008
16
0.17973173719843297
0.17973173719843297
0.12484799999999996
17
0.18944480654751253
0.18944480654751253
0.13996800000000004
18
0.20716774972999008
0.20716774972999008
0.15595200000000004
19
0.2117464243249057
0.2117464243249057
0.17279999999999998
20
0.2154400667602943
0.2154400667602943
0.19051200000000001
21
0.2192349427395493
0.2192349427395493
0.209088
22
0.21818890525335122
0.21818890525335122
0.22852799999999995
23
0.2406205397843206
0.2406205397843206
0.2488320000000001
24
0.24943924772953094
0.24943924772953094
0.26999999999999996
