0
0.015529878721857761
0.015529878721857761
0.002699999999999999
1
0.03178325669785335
0.03178325669785335
0.010799999999999999
2
0.04588038575734055
0.04588038575734055
0.02430000000000001
3
0.061990010523471466
0.061990010523471466
0.04319999999999998
4
0.06792454533550663
0.06792454533550663
0.06749999999999998
5
0.08615779561567875
0.08615779561567875
0.09719999999999998
6
0.09911403636988496
0.09911403636988496
0.13230000000000003
7
0.10261771378964915
0.10261771378964915
0.17279999999999998
8
0.12681350070393613
0.12681350070393613
0.21869999999999998
9
0.12883717859231758
0.12883717859231758
0.26999999999999996
10
0.14461097574352497
0.14461097574352497
0.3267000000000001
11
0.15465371875931283
0.15465371875931283
0.38880000000000015
12
0.1704120285360385
0.1704120285360385
0.45630000000000015
13
0.18980808418183204
0.18980808418183204
0.5292
14
0.1862331186503907
0.1862331186503907
0.6075000000000003
15
0.19377885598961705
0.19377885598961705
0.6911999999999997
16
0.2103615851068493
0.2103615851068493
0.7803
17
0.2090504587313325
0.2090504587313325
0.8748000000000004
18
0.21552291207086255
0.21552291207086255
0.9746999999999999
19
0.23328701485302356
0.23328701485302356
1.0799999999999996
20
0.24251052187407554
0.24251052187407554
1.1907000000000005
21
0.248482025819855
0.248482025819855
1.3068000000000004
22
0.2620021783894471
0.2620021783894471
1.4283000000000001
23
0.2561915528604805
0.2561915528604805
1.5551999999999997
24
0.25774503723599984
0.25774503723599984
1.6874999999999991
