0
0.015344226479293628
0.015344226479293628
0.029999999999999995
1
0.03019967557016177
0.03019967557016177
0.12000000000000002
2
0.044877460432755915
0.044877460432755915
0.26999999999999996
3
0.05827016167404511
0.05827016167404511
0.4799999999999999
4
0.07151139583026317
0.07151139583026317
0.7499999999999999
5
0.08798041602511071
0.08798041602511071
1.0799999999999996
6
0.10004433637291885
0.10004433637291885
1.469999999999999
7
0.10787068479258005
0.10787068479258005
1.9200000000000004
8
0.1270544135304224
0.1270544135304224
2.4300000000000006
9
0.1310375852977781
0.1310375852977781
3.000000000000001
10
0.1461181432213646
0.1461181432213646
3.63
11
0.15684938703712475
0.15684938703712475
4.319999999999999
12
0.16962372516001475
0.16962372516001475
5.07
13
0.17884952979693977
0.17884952979693977
5.879999999999998
14
0.17947121090228216
0.17947121090228216
6.750000000000003
15
0.18759207130137004
0.18759207130137004
7.679999999999999
16
0.21286709182859123
0.21286709182859123
8.670000000000002
17
0.21306250786933645
0.21306250786933645
9.720000000000004
18
0.23381318732180234
0.23381318732180234
10.83
19
0.23085192094229207
0.23085192094229207
11.999999999999998
20
0.24986986238095477
0.24986986238095477
13.230000000000006
21
0.2512261515666979
0.2512261515666979
14.520000000000003
22
0.2640394514077243
0.2640394514077243
15.869999999999994
23
0.2646765214521641
0.2646765214521641
17.279999999999994
24
0.2646003480057759
0.2646003480057759
18.75000000000001
