0.02 0.0009769004619117074 3.539208470970619e-16 1.4070757367626861e-16
0.04 0.0038658246286482458 1.91123604447398e-15 5.358337969117596e-16
0.06 0.008600998361589724 3.976047322926668e-15 1.728178527589917e-15
0.08 0.015112891777381982 3.904325033428135e-15 1.7198034957417269e-15
0.1 0.02332871400990883 2.6067784995064975e-14 5.2346164269054924e-15
0.12 0.033172879322339664 1.6614491834673495e-14 5.962022601615609e-15
0.14 0.04456744824772972 1.6723024220110887e-14 6.481403767942375e-15
0.16 0.05743253832083166 2.5324458377275336e-14 1.101255101069087e-14
0.18 0.07168671197473256 3.838762403961581e-14 1.1784912805372031e-14
0.2 0.0872473396786988 2.4047878345557594e-14 1.440854902560559e-14
0.22 0.10403093989763268 4.490846902559627e-14 1.395505011158905e-14
0.24 0.12195349648734495 5.448716260460208e-14 2.4591344196681045e-14
0.26 0.14093075534600344 5.218391685360621e-14 2.2157668167527135e-14
0.28 0.16087850088840377 9.773238413846813e-14 3.6056176471749437e-14
0.3 0.18171281201059847 1.0523381625719564e-13 3.979931155518498e-14
0.32 0.2033503003288304 7.643763240468471e-14 4.173453942797555e-14
0.34 0.22570833042326388 1.9591628665219929e-13 6.20239375210894e-14
0.36 0.2487052231391708 8.702554894222413e-14 4.563070883608722e-14
0.38 0.2722604431025214 1.611419289033807e-13 9.399514062815199e-14
0.4 0.2962947726289301 7.457329710061495e-14 7.112487722651983e-14
