0.02 0.0002442847954161634 2.5466768588185264e-16 6.827761810163994e-17
0.04 0.0009673921982697421 1.2406925937591299e-15 3.8893530801459386e-16
0.06 0.002154893736833152 2.2595891417463557e-15 7.89746404327544e-16
0.08 0.0037926079795580505 3.1554930458445136e-15 1.2287222090426918e-15
0.1 0.005866597405641902 4.7007315624772905e-15 2.2371241051456344e-15
0.12 0.008363165100493244 1.0028415459484523e-14 2.9183163204841803e-15
0.14 0.011268852773699229 2.8366957947821144e-14 4.672572415936734e-15
0.16 0.01457043693657773 1.0701706705906867e-14 5.6060526698615154e-15
0.18 0.018254926227834416 7.893055909124578e-15 4.676254501066246e-15
0.2 0.022309558521804145 1.851948130405891e-14 7.880649234635855e-15
0.22 0.026721798065008885 2.8452894572185765e-14 9.789182755461493e-15
0.24 0.031479332640961574 3.863484408388647e-14 1.5040060305474155e-14
0.26 0.036570070762971404 2.3975229873667154e-14 1.0194387870008205e-14
0.28 0.04198213889496745 3.5428309957629954e-14 1.6949639551150276e-14
0.3 0.047703878699925886 3.0872023912619506e-14 1.1620763393526612e-14
0.32 0.05372384431618893 6.912920268365027e-14 2.4262594547373144e-14
0.34 0.06003079966101706 9.847604024876255e-14 2.32589196427766e-14
0.36 0.06661371576173633 9.133766177573016e-14 2.447343664123795e-14
0.38 0.07346176810102967 7.387811804833177e-14 2.6711967270279346e-14
0.4 0.08056433342958191 7.772177578820224e-14 3.7165725656195346e-14
