0.02 0.00024597847693617946 0.0 0.0
0.04 0.000976753928807258 0.0 0.0
0.06 0.0021558046706957297 0.0 0.0
0.08 0.0039581445516259734 0.0 0.0
0.1 0.005912396075340597 0.0 0.0
0.12 0.008435858798268256 0.0 0.0
0.14 0.011320610153221928 0.0 0.0
0.16 0.014578776724185852 0.0 0.0
0.18 0.01827820513213234 0.0 0.0
0.2 0.022322605144334942 0.0 0.0
0.22 0.026727142921448625 0.0 0.0
0.24 0.031499335618179254 0.0 0.0
0.26 0.03740881087669454 0.0 0.0
0.28 0.04202143027894358 0.0 0.0
0.3 0.0478137284294264 0.0 0.0
0.32 0.05404048500134499 0.0 0.0
0.34 0.06003530397767207 0.0 0.0
0.36 0.06709713410151485 0.0 0.0
0.38 0.07522107033826414 0.0 0.0
0.4 0.0812486379902215 0.0 0.0
