0.02 0.0009769004619116113 8.937215813727747e-17 6.107447044434598e-17
0.04 0.0038658246286482094 1.005718770373797e-15 4.1980060878664123e-16
0.06 0.008600998361590876 6.142311243391148e-15 1.9900590151114976e-15
0.08 0.015112891777384192 2.037822736642786e-14 3.3976911340836316e-15
0.1 0.023328714009913917 1.563456236902078e-14 9.029270746803377e-15
0.12 0.03317287932234684 2.923271137795417e-14 1.001876873147163e-14
0.14 0.04456744824774361 3.880277314228354e-14 1.5985247154054242e-14
0.16 0.057432538320862 7.143027984876723e-14 2.9899512419854433e-14
0.18 0.07168671197475625 7.788447877784681e-14 2.5225842817796053e-14
0.2 0.08724733967874673 8.753118311527651e-14 3.937966604589001e-14
0.22 0.1040309398976976 1.2561825304498514e-13 6.142371340460884e-14
0.24 0.12195349648746803 1.7891625650615785e-13 1.0746182167293201e-13
0.26 0.14093075534608618 1.3981830099492155e-13 7.174947653933592e-14
0.28 0.1608785008885351 2.3866962871953856e-13 1.2134505924547513e-13
0.3 0.18171281201075976 4.242461186090167e-13 1.467259597197318e-13
0.32 0.2033503003290123 3.086216714635399e-13 1.5577248687174373e-13
0.34 0.22570833042341376 2.539416088346608e-13 1.386002437791301e-13
0.36 0.24870522313937232 3.777947019201227e-13 1.5613352709655868e-13
0.38 0.27226044310279807 9.648738215365838e-13 2.1645430952844666e-13
0.4 0.29629477262923415 5.826063794665143e-13 2.2622612834412387e-13
