0.015364 6.495759531447399e-07 4.637794792651775e-07 1.205408362150248e-06
0.023714 1.5848054876258008e-06 1.1729443650118345e-06 3.087416722127531e-06
0.032064 3.1667864483621873e-06 2.388026279372245e-06 6.465602824466311e-06
0.040414 5.1048891997155806e-06 4.079678036728019e-06 1.0347146505035887e-05
0.048764 3.6443727952875447e-06 2.735753413092568e-06 7.886618457347995e-06
0.057114 7.256001168921285e-06 5.804875638647349e-06 1.1724202079684264e-05
0.06546400000000001 1.113708309019125e-05 8.515201743216934e-06 2.8190533772285198e-05
0.073814 8.892328935946366e-06 6.716918302532192e-06 1.939562556656478e-05
0.082164 1.3526903518595994e-05 1.0721616638033435e-05 3.0136433187297333e-05
0.090514 2.0305118353282e-05 1.4931907802453392e-05 3.6809734902672015e-05
0.098864 2.062240648254472e-05 1.4892337342642292e-05 3.2571444822186576e-05
0.107214 2.0839823087096078e-05 1.5313134074867915e-05 2.9638646358101315e-05
0.115564 2.498461576497049e-05 1.885376257135588e-05 8.616926758981173e-05
0.123914 3.126039632878577e-05 2.1539702326683564e-05 8.162786562575446e-05
0.132264 2.2209100181156922e-05 1.669440147553464e-05 3.748467516880486e-05
0.140614 4.22968832566289e-05 2.928620766833324e-05 7.017397163941698e-05
0.148964 3.637588144926674e-05 2.7631535167372223e-05 5.280678865794479e-05
0.157314 4.88265029747161e-05 3.301072195199452e-05 9.081329953138247e-05
0.165664 7.045700758825559e-05 5.2588703128946545e-05 0.000171578118570143
0.174014 7.840854084173403e-05 6.070847699543043e-05 0.0001937755123122193
0.182364 7.225505041078573e-05 5.675863206035194e-05 0.00012246443987920248
0.190714 8.239044014304299e-05 6.4022016788185e-05 0.00017102580322419207
0.199064 8.250954479609092e-05 5.692318938698409e-05 0.00011606322905031566
0.207414 0.00012100866769131058 9.633112683440776e-05 0.0003699454276296289
0.215764 8.43201439412093e-05 6.363572401234554e-05 0.00017353463458321143
0.224114 0.0001044226360585904 7.400077574535475e-05 0.00024091393280243814
0.232464 0.00011524677554934184 8.732617425048023e-05 0.0002773652923510513
0.240814 0.00010479516854239344 7.729252090815067e-05 0.00020301130308273188
0.249164 0.00013565983083539448 9.744007875516042e-05 0.0003681414505795099
0.257514 0.00012311356100646603 8.333686720639239e-05 0.0002022490220341557
0.265864 0.00012538326408801701 9.093460254756595e-05 0.0002817800716930563
0.274214 0.00015800597201257879 0.00012578570228643458 0.00048120316860944344
0.282564 0.00013382182977946723 0.00010439294263445003 0.00031155805620435576
0.290914 0.00016333570460300893 0.00012288514354776847 0.0003942607070703293
0.299264 0.00015295459797214157 0.00012439726275824918 0.00039500809561568694
0.307614 0.00023876395585880608 0.00016233001276591983 0.00044872021807430834
0.315964 0.00017728638461721148 0.00014090349326463257 0.00026674149743593985
0.324314 0.0001710541482876449 0.0001235819901980218 0.00029548832129285544
0.332664 0.0002005845694904588 0.0001531244678413955 0.00036987007657842406
0.341014 0.00017069068351009 0.00012919725666699018 0.00033442436394320966
0.349364 0.000164815192790852 0.00011717996176498342 0.0002350580095051656
0.357714 0.00020477825879458163 0.00014169421576585024 0.000430036046745698
0.366064 0.00019496445545321556 0.0001503479141205066 0.00046412306710701237
0.374414 0.0002472609821726939 0.0001948683661952133 0.0006363705148843009
0.382764 0.00027358894785272 0.00021148154131358818 0.0006497187928290685
0.391114 0.0002351675879191324 0.0001704075277434894 0.0004284676792230233
0.399464 0.00029826137963281083 0.00025141018042498933 0.0006587200157357043
0.407814 0.0003728393549022263 0.0002942720654245417 0.0008217529811866383
0.416164 0.00026930374601432083 0.00021277901421177533 0.0004996838066661732
0.424514 0.0002497101613636473 0.00018111616879008515 0.0005612117125159062
0.432864 0.0003087418401781693 0.00023387653912379064 0.000705044244441999
0.441214 0.0002863097032058202 0.00022947839641162474 0.0006893074548567845
0.449564 0.00037458841468700584 0.00026589008335272345 0.0009251415493530089
0.457914 0.00026990526481539853 0.00019633240371681482 0.0003984981636085406
0.466264 0.00029244812692045955 0.00022086055988366287 0.0007856027129738205
0.474614 0.00040327135445484554 0.00031594277297331474 0.0009596314946081107
0.482964 0.00030543918079297403 0.0002334211812019858 0.0007361717770663439
0.491314 0.0003997021809932698 0.00027820518753218223 0.0011568112641375879
0.499664 0.0003828881149266655 0.0003033661246255894 0.000853656567559594
0.508014 0.00038749750399550185 0.00030870055532518354 0.0006768665246297265
0.516364 0.00046309920352305406 0.0003693716544609085 0.0010118361849876599
0.524714 0.00044016156267645 0.0003457605843545407 0.0011259958844441493
0.533064 0.00037715908028848936 0.0002877935009737597 0.0006767604564661285
0.541414 0.0003554119158210402 0.0002817170809628424 0.0007355283946849859
0.549764 0.00036067396922051943 0.00026676785230996333 0.001367879469093616
0.558114 0.0005873186252431967 0.0004687535178418998 0.0013258395229903137
0.566464 0.0004499856697426036 0.00035557292811963075 0.0007177441296333202
0.574814 0.0004341147227562648 0.00030808898951844633 0.0006799597563214388
0.583164 0.0005114041733449526 0.0003996322007112057 0.0015177321458300212
0.591514 0.0005875417669165473 0.0004566280026584336 0.0012457550462036298
0.599864 0.0005420538386952244 0.0004506273151046331 0.0012122659158620068
0.608214 0.000483824100426141 0.00038798787607824143 0.0007639237460808929
0.616564 0.00036973891868385906 0.0002617004729901008 0.0007471306051798443
0.624914 0.0004915359468003773 0.0003445484081498808 0.0010085656836149896
0.633264 0.000414746353697205 0.00030978563657209975 0.0007375299537212098
0.641614 0.0005394732786193152 0.0004041405548101836 0.0012983414910498388
0.649964 0.0005239158879730021 0.00038514064760094635 0.001580877898138948
0.658314 0.000530484802179032 0.00040995305414087327 0.0012666223266990027
0.666664 0.000461075836746777 0.0003638582110090437 0.0009464211602903377
0.675014 0.0005735771938242331 0.00041166757722380196 0.0008535067130236427
0.683364 0.0004295677120645944 0.0003241864461834711 0.0007531510525324281
0.691714 0.00042718673006669945 0.0003241231343932908 0.0016340785131922924
0.700064 0.0005917055207467205 0.0004550699191696367 0.0010789829486835911
0.708414 0.0005598879366833133 0.0004160932140381896 0.001100228437310103
0.716764 0.0003771142369582757 0.00029061506036874433 0.00084135719932093
0.725114 0.0003724322073462009 0.00027590105758175344 0.0009756763431709751
0.733464 0.0004512217771031705 0.00036838962879166115 0.0008674365010058734
0.741814 0.0004673080125487124 0.0003713874326487618 0.0010405772588573383
0.750164 0.0006951647166749643 0.0005439165264398418 0.0013316653397558121
0.758514 0.0006253947927178118 0.00046663353947441413 0.0011917319125880324
0.766864 0.00043155220989581625 0.0003278717204660052 0.0007876922419298299
0.775214 0.0006817454744056703 0.000516035305257727 0.0011120528836303662
0.783564 0.0004913258724317573 0.00037012355848867857 0.0014171777344890984
0.791914 0.0006145759329606562 0.0004889108967889443 0.001184490139865712
0.800264 0.0005699451077905122 0.00044323453922746767 0.001303664146766879
0.808614 0.0004996226165411547 0.00034080686092041593 0.0010205995991021501
0.816964 0.0006846399128789491 0.0005474604621973419 0.0014825687253717172
0.825314 0.0005913294121592155 0.00045624926018215245 0.0008121303309443648
0.833664 0.0005454718499255333 0.00038801704107478625 0.001258288255430356
0.842014 0.0005147455413248472 0.0004082269235335225 0.0014548393590703415
0.850364 0.0004794533896521636 0.0003863309591001854 0.0012440326798921107
0.858714 0.0006093779354969662 0.0004245528895497607 0.001222325691829761
0.867064 0.0005452063913035169 0.0004404589406177412 0.0012091789670841977
0.875414 0.0005830819377673155 0.000428536631048642 0.00134861763945683
0.883764 0.0005240906707599378 0.00035958596798709325 0.0008233675527484716
0.892114 0.0004906700176552987 0.00038300625756022285 0.0014630958643498367
0.900464 0.000612979696063809 0.00045090811976645297 0.0013618924800552212
0.908814 0.0003704600888193687 0.00028966931556561535 0.0011079083835705366
0.917164 0.0005824123820655744 0.0004672587950217884 0.0013096892809375054
0.925514 0.0005890483346732115 0.00042581350372896537 0.0011224873260359946
0.933864 0.0005473832938967341 0.0004529947360661724 0.0008026781323385245
0.942214 0.0005676784931128986 0.00044300890411008465 0.001495884833292729
0.950564 0.0004376733941835447 0.0003164281049289774 0.0008022780447418167
0.958914 0.0005491265457343475 0.00044201781709348056 0.0008722747292853726
0.967264 0.0004337932030838174 0.0003525293783428198 0.0006688970353714278
0.975614 0.0006665193004429843 0.00048268354238660674 0.0014382739397308102
0.983964 0.0005995420518978983 0.00046577515306255827 0.0012280159031488238
