0
0.000531126854644906
0.000531126854644906
2.700000000000002e-05
1
0.001136110530606172
0.001136110530606172
0.00010800000000000004
2
0.0016737671466054383
0.0016737671466054383
0.000243
3
0.0025295803609344672
0.0025295803609344672
0.0004320000000000003
4
0.003013513468126306
0.003013513468126306
0.0006749999999999999
5
0.003845753867661125
0.003845753867661125
0.0009720000000000004
6
0.0045521552967258
0.0045521552967258
0.0013229999999999997
7
0.005519132584977743
0.005519132584977743
0.0017280000000000006
8
0.006632309457288246
0.006632309457288246
0.002187000000000001
9
0.007218366376249867
0.007218366376249867
0.002699999999999999
10
0.008168930445864392
0.008168930445864392
0.003267000000000002
11
0.009991267282256293
0.009991267282256293
0.003888
12
0.010795714822142697
0.010795714822142697
0.004563000000000003
13
0.011228697360322398
0.011228697360322398
0.005291999999999999
14
0.012191096767340941
0.012191096767340941
0.006074999999999999
15
0.01272801503814399
0.01272801503814399
0.006912000000000005
16
0.014111063258458512
0.014111063258458512
0.0078029999999999974
17
0.015822643412703574
0.015822643412703574
0.008748000000000002
18
0.017756158250191355
0.017756158250191355
0.009747000000000002
19
0.017340936426983502
0.017340936426983502
0.010799999999999999
20
0.018975870285819242
0.018975870285819242
0.011907000000000001
21
0.021418508075161442
0.021418508075161442
0.013068
22
0.021629117511286544
0.021629117511286544
0.014282999999999997
23
0.022656812893631504
0.022656812893631504
0.015552000000000007
24
0.02448215161407571
0.02448215161407571
0.016874999999999998
