0
0.01606377672645525
0.01606377672645525
0.0018749999999999997
1
0.029629611964052137
0.029629611964052137
0.0075000000000000015
2
0.04466598970342489
0.04466598970342489
0.016874999999999998
3
0.05504466574043793
0.05504466574043793
0.029999999999999995
4
0.07168800439200174
0.07168800439200174
0.04687499999999999
5
0.08692721611241772
0.08692721611241772
0.06749999999999998
6
0.10200031994823638
0.10200031994823638
0.09187499999999994
7
0.1143259768718953
0.1143259768718953
0.12000000000000002
8
0.12096684702815566
0.12096684702815566
0.15187500000000004
9
0.12731159385009017
0.12731159385009017
0.18750000000000006
10
0.1481984571163567
0.1481984571163567
0.226875
11
0.15569727369310352
0.15569727369310352
0.26999999999999996
12
0.176018910101355
0.176018910101355
0.316875
13
0.1663021793466223
0.1663021793466223
0.3674999999999999
14
0.1911858969235762
0.1911858969235762
0.42187500000000017
15
0.19480210935797476
0.19480210935797476
0.4799999999999999
16
0.20810219640423544
0.20810219640423544
0.5418750000000001
17
0.2247769427928298
0.2247769427928298
0.6075000000000003
18
0.22797596365275938
0.22797596365275938
0.676875
19
0.23392211482125458
0.23392211482125458
0.7499999999999999
20
0.23576651515993152
0.23576651515993152
0.8268750000000004
21
0.2397453930139226
0.2397453930139226
0.9075000000000002
22
0.2510346754347412
0.2510346754347412
0.9918749999999996
23
0.26513771092381716
0.26513771092381716
1.0799999999999996
24
0.265192538005908
0.265192538005908
1.1718750000000007
