0
0.008713478850029037
0.008713478850029037
0.000243
1
0.01710565897364782
0.01710565897364782
0.0009720000000000004
2
0.02355293163346497
0.02355293163346497
0.002187000000000001
3
0.03479187266140271
0.03479187266140271
0.003888
4
0.04068955191673039
0.04068955191673039
0.006074999999999999
5
0.050732483226368745
0.050732483226368745
0.008748000000000002
6
0.058011589139665136
0.058011589139665136
0.011906999999999994
7
0.06705965494205515
0.06705965494205515
0.015552000000000007
8
0.07349987328319757
0.07349987328319757
0.019682999999999996
9
0.07866934798353661
0.07866934798353661
0.02430000000000001
10
0.08781322101077536
0.08781322101077536
0.02940300000000002
11
0.09363491111901948
0.09363491111901948
0.034992000000000016
12
0.11147133107499264
0.11147133107499264
0.04106700000000002
13
0.10533357841559693
0.10533357841559693
0.04762799999999998
14
0.12382491839722752
0.12382491839722752
0.05467500000000002
15
0.13105243992677973
0.13105243992677973
0.062208
16
0.13523317726179346
0.13523317726179346
0.07022699999999998
17
0.13749782216741754
0.13749782216741754
0.07873199999999995
18
0.15712384428769782
0.15712384428769782
0.08772300000000004
19
0.15598498024525778
0.15598498024525778
0.09719999999999998
20
0.1710764457817541
0.1710764457817541
0.10716300000000001
21
0.17289443834113882
0.17289443834113882
0.11761200000000008
22
0.18031993049784184
0.18031993049784184
0.12854699999999997
23
0.18941198455713482
0.18941198455713482
0.13996800000000004
24
0.1926169308946296
0.1926169308946296
0.15187500000000004
