0
0.002365391303831865
0.002365391303831865
7.5e-05
1
0.004366822588215936
0.004366822588215936
0.0003000000000000002
2
0.006515611685667318
0.006515611685667318
0.0006749999999999999
3
0.010148482609649914
0.010148482609649914
0.0012
4
0.011591991743237497
0.011591991743237497
0.0018749999999999997
5
0.013881697918736731
0.013881697918736731
0.002699999999999999
6
0.017445253022897646
0.017445253022897646
0.003674999999999999
7
0.019059715606166212
0.019059715606166212
0.004800000000000003
8
0.021674102248116084
0.021674102248116084
0.006074999999999999
9
0.02665957521676012
0.02665957521676012
0.0075000000000000015
10
0.029905599068610535
0.029905599068610535
0.009075000000000007
11
0.03268568181130121
0.03268568181130121
0.010799999999999999
12
0.031196766510080052
0.031196766510080052
0.012674999999999997
13
0.03848355702390808
0.03848355702390808
0.0147
14
0.03934334894826279
0.03934334894826279
0.016875000000000008
15
0.04463359318475419
0.04463359318475419
0.0192
16
0.045062324069550616
0.045062324069550616
0.021674999999999996
17
0.05105629145200183
0.05105629145200183
0.02430000000000001
18
0.05504046145923127
0.05504046145923127
0.027075000000000012
19
0.05618448170178577
0.05618448170178577
0.029999999999999995
20
0.057487762049570436
0.057487762049570436
0.033075
21
0.05831940363274256
0.05831940363274256
0.03630000000000002
22
0.06346565274054479
0.06346565274054479
0.03967500000000002
23
0.06817598984923795
0.06817598984923795
0.04319999999999998
24
0.06455228166939943
0.06455228166939943
0.04687499999999999
