0
0.01612415275350036
0.01612415275350036
0.003675000000000002
1
0.029772102276757556
0.029772102276757556
0.0147
2
0.04473140376851102
0.04473140376851102
0.033075
3
0.0626132946723549
0.0626132946723549
0.05880000000000003
4
0.07302238096034865
0.07302238096034865
0.091875
5
0.08225172602386766
0.08225172602386766
0.13230000000000003
6
0.09971677565488446
0.09971677565488446
0.18007499999999996
7
0.11426250659802345
0.11426250659802345
0.2352
8
0.1264382160482403
0.1264382160482403
0.2976749999999999
9
0.12922303611441094
0.12922303611441094
0.3675
10
0.14727995999682778
0.14727995999682778
0.444675
11
0.151807527500457
0.151807527500457
0.5292
12
0.15930528584452103
0.15930528584452103
0.621075
13
0.17003436417161935
0.17003436417161935
0.7202999999999995
14
0.18972005213974222
0.18972005213974222
0.8268750000000004
15
0.20543311711352846
0.20543311711352846
0.9408000000000005
16
0.20418252699462425
0.20418252699462425
1.0620749999999997
17
0.2159884026078541
0.2159884026078541
1.1907000000000005
18
0.22350948328844478
0.22350948328844478
1.3266749999999998
19
0.2513920069120265
0.2513920069120265
1.47
20
0.2535715061768594
0.2535715061768594
1.620675
21
0.24211767994187652
0.24211767994187652
1.7786999999999995
22
0.24727200516538578
0.24727200516538578
1.944075
23
0.2794594377835518
0.2794594377835518
2.1168000000000005
24
0.2627675067144433
0.2627675067144433
2.296875
