0
0.014369898546614319
0.014369898546614319
0.004800000000000003
1
0.029986667363534024
0.029986667363534024
0.0192
2
0.04426777981747296
0.04426777981747296
0.04319999999999998
3
0.06091584270814
0.06091584270814
0.07680000000000005
4
0.0677693400075732
0.0677693400075732
0.12000000000000002
5
0.08554361939877124
0.08554361939877124
0.17279999999999998
6
0.10094530056243002
0.10094530056243002
0.2352
7
0.11766661340847838
0.11766661340847838
0.3072
8
0.12037879333899064
0.12037879333899064
0.38880000000000015
9
0.1321426139309985
0.1321426139309985
0.4799999999999999
10
0.14850997595484447
0.14850997595484447
0.5808000000000003
11
0.15131585387876595
0.15131585387876595
0.6911999999999997
12
0.16943606326042926
0.16943606326042926
0.8112
13
0.1866656514844984
0.1866656514844984
0.9407999999999997
14
0.18808150521288816
0.18808150521288816
1.0800000000000005
15
0.18967894360545687
0.18967894360545687
1.2288000000000008
16
0.19185315938083927
0.19185315938083927
1.3871999999999995
17
0.20347747037557504
0.20347747037557504
1.5551999999999997
18
0.22578808627043043
0.22578808627043043
1.7328
19
0.22629498310714932
0.22629498310714932
1.9200000000000004
20
0.237350821777135
0.237350821777135
2.1168000000000005
21
0.2612917321268137
0.2612917321268137
2.3232000000000017
22
0.24665308773295147
0.24665308773295147
2.5392
23
0.27518755848171383
0.27518755848171383
2.7647999999999997
24
0.26709135370182824
0.26709135370182824
3.000000000000001
