0
0.01438570559577704
0.01438570559577704
0.0005879999999999998
1
0.025259039323374477
0.025259039323374477
0.002351999999999998
2
0.04256137345501882
0.04256137345501882
0.005291999999999999
3
0.05574257215794623
0.05574257215794623
0.009407999999999996
4
0.06583483308767708
0.06583483308767708
0.0147
5
0.07693508030913393
0.07693508030913393
0.021167999999999996
6
0.09449283462833193
0.09449283462833193
0.028811999999999987
7
0.10426419637208681
0.10426419637208681
0.03763199999999997
8
0.114365650236343
0.114365650236343
0.04762799999999998
9
0.11784991448148444
0.11784991448148444
0.058799999999999984
10
0.14271941355175702
0.14271941355175702
0.07114800000000004
11
0.14248886004650346
0.14248886004650346
0.08467199999999998
12
0.15749708680481972
0.15749708680481972
0.09937199999999997
13
0.15881594593115658
0.15881594593115658
0.11524799999999995
14
0.16621776111784556
0.16621776111784556
0.13230000000000003
15
0.1924807962421254
0.1924807962421254
0.15052799999999994
16
0.20224597074820452
0.20224597074820452
0.16993199999999997
17
0.1957048973472931
0.1957048973472931
0.1905119999999999
18
0.21784945105984513
0.21784945105984513
0.21226799999999996
19
0.2262613803937366
0.2262613803937366
0.2352
20
0.22128413485379833
0.22128413485379833
0.25930799999999987
21
0.239801513471149
0.239801513471149
0.28459199999999996
22
0.23877056896152704
0.23877056896152704
0.311052
23
0.25120230964855383
0.25120230964855383
0.33868799999999993
24
0.2751618233575281
0.2751618233575281
0.3674999999999999
