0
0.0012088664619492083
0.0012088664619492083
4.800000000000001e-05
1
0.0025653148659447182
0.0025653148659447182
0.000192
2
0.003741800056370752
0.003741800056370752
0.0004320000000000003
3
0.005033052176048739
0.005033052176048739
0.0007680000000000001
4
0.006608273992702108
0.006608273992702108
0.0011999999999999997
5
0.008363605636275235
0.008363605636275235
0.0017280000000000006
6
0.009973471872727352
0.009973471872727352
0.002351999999999998
7
0.011581528466051585
0.011581528466051585
0.003072
8
0.013463989696184026
0.013463989696184026
0.003888
9
0.014269122667041934
0.014269122667041934
0.0048
10
0.017550957286650303
0.017550957286650303
0.0058080000000000015
11
0.0181664706550057
0.0181664706550057
0.006912000000000005
12
0.020388975965104788
0.020388975965104788
0.008112000000000003
13
0.02334863175437573
0.02334863175437573
0.009407999999999996
14
0.025076282429184537
0.025076282429184537
0.010799999999999999
15
0.025300741309031437
0.025300741309031437
0.012288000000000002
16
0.027835148548713974
0.027835148548713974
0.013871999999999995
17
0.030468261135510984
0.030468261135510984
0.015551999999999998
18
0.034113012020720805
0.034113012020720805
0.017328000000000003
19
0.03454372951577186
0.03454372951577186
0.019199999999999995
20
0.033182837573436735
0.033182837573436735
0.021168000000000006
21
0.038457423852319365
0.038457423852319365
0.023232000000000013
22
0.040855449083115385
0.040855449083115385
0.025392000000000012
23
0.04384361569596907
0.04384361569596907
0.02764800000000001
24
0.04639985204558349
0.04639985204558349
0.029999999999999995
