0
5.3737628032923934e-08
5.3737628032923934e-08
3e-08
1
1.1594598222393043e-07
1.1594598222393043e-07
1.2000000000000002e-07
2
3.22692674358864e-07
3.22692674358864e-07
2.7000000000000006e-07
3
7.232097534332148e-07
7.232097534332148e-07
4.8e-07
4
9.714538311882582e-07
9.714538311882582e-07
7.5e-07
5
1.5681845744780174e-06
1.5681845744780174e-06
1.08e-06
6
2.608657468579366e-06
2.608657468579366e-06
1.4699999999999993e-06
7
2.345441517656193e-06
2.345441517656193e-06
1.9200000000000003e-06
8
3.927670062248229e-06
3.927670062248229e-06
2.4299999999999996e-06
9
2.1488728057205597e-06
2.1488728057205597e-06
3.0000000000000005e-06
10
3.5880899310999656e-06
3.5880899310999656e-06
3.6300000000000017e-06
11
4.174078064634856e-06
4.174078064634856e-06
4.320000000000001e-06
12
4.87813944737178e-06
4.87813944737178e-06
5.07e-06
13
7.34843055566009e-06
7.34843055566009e-06
5.879999999999998e-06
14
5.930965569862893e-06
5.930965569862893e-06
6.750000000000002e-06
15
7.814404878577124e-06
7.814404878577124e-06
7.68e-06
16
7.543961143955909e-06
7.543961143955909e-06
8.67e-06
17
1.1094774745399464e-05
1.1094774745399464e-05
9.72e-06
18
1.3136295755589786e-05
1.3136295755589786e-05
1.0830000000000005e-05
19
1.0376694677954384e-05
1.0376694677954384e-05
1.2e-05
20
1.2824138445524962e-05
1.2824138445524962e-05
1.323e-05
21
9.549386996953458e-06
9.549386996953458e-06
1.452000000000001e-05
22
1.4624015052551735e-05
1.4624015052551735e-05
1.5870000000000002e-05
23
1.3706783439691324e-05
1.3706783439691324e-05
1.728e-05
24
1.841391821869309e-05
1.841391821869309e-05
1.875e-05
