0
0.011734645435706827
0.011734645435706827
0.0003630000000000001
1
0.024267478199160458
0.024267478199160458
0.0014520000000000008
2
0.035444900650187405
0.035444900650187405
0.003267000000000002
3
0.04596751040720882
0.04596751040720882
0.0058080000000000015
4
0.053553499280276314
0.053553499280276314
0.009075000000000001
5
0.06274498522144642
0.06274498522144642
0.013068
6
0.07460124542508546
0.07460124542508546
0.017786999999999997
7
0.08284735898834125
0.08284735898834125
0.023232000000000013
8
0.10019948625564822
0.10019948625564822
0.02940299999999999
9
0.09975345023725134
0.09975345023725134
0.03629999999999999
10
0.11628470823547028
0.11628470823547028
0.04392300000000004
11
0.1221877206969212
0.1221877206969212
0.052272000000000034
12
0.14136889519230267
0.14136889519230267
0.06134700000000002
13
0.1457884592363317
0.1457884592363317
0.07114799999999999
14
0.15177148412230393
0.15177148412230393
0.08167500000000003
15
0.15756524964217145
0.15756524964217145
0.09292800000000002
16
0.16567639342153295
0.16567639342153295
0.10490699999999997
17
0.17522145718169826
0.17522145718169826
0.11761200000000008
18
0.17748206387300608
0.17748206387300608
0.13104300000000005
19
0.20637734332302038
0.20637734332302038
0.14520000000000002
20
0.20345284229578992
0.20345284229578992
0.16008300000000006
21
0.20696605663694226
0.20696605663694226
0.17569200000000007
22
0.20953972575638966
0.20953972575638966
0.19202699999999995
23
0.22092191635635766
0.22092191635635766
0.209088
24
0.23513955844242565
0.23513955844242565
0.226875
