0
0.006594155914199427
0.006594155914199427
0.000192
1
0.013161546542328827
0.013161546542328827
0.0007680000000000001
2
0.01977352988628388
0.01977352988628388
0.0017280000000000006
3
0.02656668350781986
0.02656668350781986
0.003072
4
0.032966555711126985
0.032966555711126985
0.0048
5
0.038497952734951116
0.038497952734951116
0.006912000000000005
6
0.046954368039158735
0.046954368039158735
0.009407999999999996
7
0.05349664485130093
0.05349664485130093
0.012288000000000002
8
0.06435046855535502
0.06435046855535502
0.015551999999999998
9
0.07120600024755194
0.07120600024755194
0.019199999999999995
10
0.0718713142510455
0.0718713142510455
0.023232000000000013
11
0.07969623253320422
0.07969623253320422
0.02764800000000001
12
0.09207526495848861
0.09207526495848861
0.03244800000000001
13
0.09468848589296354
0.09468848589296354
0.03763199999999997
14
0.10417878239477989
0.10417878239477989
0.04319999999999998
15
0.11265014698602911
0.11265014698602911
0.049152
16
0.1202790176343909
0.1202790176343909
0.055488
17
0.11496535984929108
0.11496535984929108
0.062208
18
0.12128072557473321
0.12128072557473321
0.06931200000000004
19
0.1299442204153611
0.1299442204153611
0.0768
20
0.14029101099041952
0.14029101099041952
0.08467199999999998
21
0.151790526093992
0.151790526093992
0.09292800000000002
22
0.15062695839046963
0.15062695839046963
0.10156799999999999
23
0.16162247915237124
0.16162247915237124
0.11059200000000008
24
0.1758810842865448
0.1758810842865448
0.12000000000000002
