0
5.582017499960739e-08
5.582017499960739e-08
3e-08
1
1.6249246968083283e-07
1.6249246968083283e-07
1.2000000000000002e-07
2
2.9187667613857793e-07
2.9187667613857793e-07
2.7000000000000006e-07
3
5.358630803182527e-07
5.358630803182527e-07
4.8e-07
4
6.984091158109835e-07
6.984091158109835e-07
7.5e-07
5
1.2547717541573218e-06
1.2547717541573218e-06
1.08e-06
6
1.4206160663924427e-06
1.4206160663924427e-06
1.4699999999999993e-06
7
1.9280459941037634e-06
1.9280459941037634e-06
1.9200000000000003e-06
8
2.860434205434797e-06
2.860434205434797e-06
2.4299999999999996e-06
9
2.6950230786350677e-06
2.6950230786350677e-06
3.0000000000000005e-06
10
4.052257460365958e-06
4.052257460365958e-06
3.6300000000000017e-06
11
3.499881476776982e-06
3.499881476776982e-06
4.320000000000001e-06
12
5.055444812957791e-06
5.055444812957791e-06
5.07e-06
13
4.331737187138246e-06
4.331737187138246e-06
5.879999999999998e-06
14
5.582247483980474e-06
5.582247483980474e-06
6.750000000000002e-06
15
6.205220703281177e-06
6.205220703281177e-06
7.68e-06
16
7.113646019099357e-06
7.113646019099357e-06
8.67e-06
17
7.447862858688629e-06
7.447862858688629e-06
9.72e-06
18
9.308250294432293e-06
9.308250294432293e-06
1.0830000000000005e-05
19
1.0166831320858619e-05
1.0166831320858619e-05
1.2e-05
20
1.0845722397155467e-05
1.0845722397155467e-05
1.323e-05
21
1.3554291412847999e-05
1.3554291412847999e-05
1.452000000000001e-05
22
1.913974204860989e-05
1.913974204860989e-05
1.5870000000000002e-05
23
1.943560823955776e-05
1.943560823955776e-05
1.728e-05
24
1.554134762864548e-05
1.554134762864548e-05
1.875e-05
