0
0.014663203128868419
0.014663203128868419
0.0075000000000000015
1
0.02825265602733632
0.02825265602733632
0.029999999999999995
2
0.04362115963955261
0.04362115963955261
0.06749999999999998
3
0.0603321177363177
0.0603321177363177
0.12000000000000002
4
0.0682663507536002
0.0682663507536002
0.18750000000000006
5
0.08445754154682428
0.08445754154682428
0.26999999999999996
6
0.1026227769812551
0.1026227769812551
0.3674999999999999
7
0.10857992609312589
0.10857992609312589
0.4799999999999999
8
0.12428007361064741
0.12428007361064741
0.6075000000000003
9
0.13759546230594571
0.13759546230594571
0.7499999999999999
10
0.1393310003058578
0.1393310003058578
0.9075000000000002
11
0.1468095655962882
0.1468095655962882
1.0799999999999996
12
0.16601537922587523
0.16601537922587523
1.2675000000000005
13
0.17425113195800745
0.17425113195800745
1.469999999999999
14
0.1858062980618741
0.1858062980618741
1.6875000000000004
15
0.18524946175031856
0.18524946175031856
1.9200000000000004
16
0.20429054591465648
0.20429054591465648
2.1675
17
0.2085438592211897
0.2085438592211897
2.4300000000000006
18
0.21833979580724167
0.21833979580724167
2.707500000000001
19
0.22524296534198396
0.22524296534198396
3.000000000000001
20
0.23533921735582186
0.23533921735582186
3.307500000000002
21
0.2552945570504797
0.2552945570504797
3.63
22
0.26050540745266865
0.26050540745266865
3.9675000000000002
23
0.2562113454563455
0.2562113454563455
4.319999999999999
24
0.2558131843324819
0.2558131843324819
4.687499999999998
