0
0.005021691533941713
0.005021691533941713
0.0001469999999999999
1
0.010234862260563542
0.010234862260563542
0.0005879999999999998
2
0.015832358750930146
0.015832358750930146
0.0013229999999999997
3
0.021582994536713408
0.021582994536713408
0.002351999999999998
4
0.025615073127847124
0.025615073127847124
0.003674999999999999
5
0.029764673230296967
0.029764673230296967
0.005291999999999999
6
0.036091083889215156
0.036091083889215156
0.007202999999999997
7
0.04270189051872598
0.04270189051872598
0.009407999999999996
8
0.045740350000004724
0.045740350000004724
0.011906999999999994
9
0.05044808006957432
0.05044808006957432
0.0147
10
0.05913879109398731
0.05913879109398731
0.017786999999999997
11
0.06671048916140686
0.06671048916140686
0.021167999999999996
12
0.06984802465587939
0.06984802465587939
0.024842999999999997
13
0.0805466595496792
0.0805466595496792
0.028811999999999987
14
0.08421122520749101
0.08421122520749101
0.033075
15
0.0913187104992909
0.0913187104992909
0.03763199999999997
16
0.08541748903091782
0.08541748903091782
0.04248299999999997
17
0.10177895374696845
0.10177895374696845
0.04762799999999998
18
0.09989188564531472
0.09989188564531472
0.053067000000000024
19
0.10929187616586106
0.10929187616586106
0.058799999999999984
20
0.12281835716546953
0.12281835716546953
0.06482699999999998
21
0.11654816406306463
0.11654816406306463
0.07114800000000004
22
0.12026689646022826
0.12026689646022826
0.07776300000000001
23
0.12684900574063196
0.12684900574063196
0.08467199999999998
24
0.12930961586009454
0.12930961586009454
0.09187499999999994
