40000 5.493501283808362e-09 0.001
40000 9.146888697012106e-09 0.0014
40000 2.963330266379968e-08 0.0022
40000 1.2506058902476015e-07 0.005
40000 2.873374622654289e-07 0.0075
40000 4.729797687529292e-07 0.01
40000 1.189803395009076e-06 0.014
40000 2.8904542087442743e-06 0.02
40000 6.010181828810244e-06 0.03
40000 1.724764600027119e-05 0.045
40000 3.503176481061293e-05 0.06
40000 0.00012340985140384816 0.1
40000 0.0008869904248401711 0.2
40000 0.0025295803609344672 0.3
40000 0.005033052176048739 0.4
40000 0.010148482609649914 0.5
40000 0.014668616546439394 0.6
40000 0.021582994536713408 0.7
40000 0.02656668350781986 0.8
40000 0.03479187266140271 0.9
40000 0.03786836438190329 1.0
40000 0.04596751040720882 1.1
40000 0.04685770496733021 1.2
40000 0.05574257215794623 1.4
40000 0.059894037768739056 1.6
40000 0.05968185552743305 1.8
40000 0.05606718077449501 2.0
40000 0.05504466574043793 2.5
40000 0.061990010523471466 3.0
40000 0.0626132946723549 3.5
40000 0.06091584270814 4.0
40000 0.0562497333721163 4.5
40000 0.0603321177363177 5.0