10000 6.504534193605803e-08 3e-08
20000 1.4506313608998219e-07 1.2000000000000002e-07
30000 3.7436629561174434e-07 2.7000000000000006e-07
40000 4.748160484267736e-07 4.8e-07
50000 5.201001588649103e-07 7.5e-07
60000 1.3736040061991813e-06 1.08e-06
70000 1.7907375235773568e-06 1.4699999999999993e-06
80000 2.8393763522640355e-06 1.9200000000000003e-06
90000 4.051512299590881e-06 2.4299999999999996e-06
100000 3.3593555236580896e-06 3.0000000000000005e-06
110000 3.4515967457777e-06 3.6300000000000017e-06
120000 4.974504075127843e-06 4.320000000000001e-06
130000 6.486838675606869e-06 5.07e-06
140000 6.047730982421448e-06 5.879999999999998e-06
150000 9.933560305371476e-06 6.750000000000002e-06
160000 7.97620398447897e-06 7.68e-06
170000 1.4876076093013832e-05 8.67e-06
180000 9.119326357688948e-06 9.72e-06
190000 1.1956681696992479e-05 1.0830000000000005e-05
200000 1.2153580044719616e-05 1.2e-05
210000 1.0082398030271187e-05 1.323e-05
220000 8.903576370593135e-06 1.452000000000001e-05
230000 1.6292584936570845e-05 1.5870000000000002e-05
240000 1.1972339376093664e-05 1.728e-05
250000 1.63071274918843e-05 1.875e-05
