δ=10000.0
ΩR=1.0000000000000002
Ωprime=1.0000000000000002
62831853071.79586
628318530.7179587
628318530.7179587
99.99999999999999
4.999999999999999e-07
0
3.799760369006783e-17
0.9912894584702576
0.010336883653761543
0.0061381810237937815
-------
1
1.8998801845033914e-17
0.9914402160054288
0.012468133681598124
0.005389832592637644
-------
2
1.2665867896689274e-17
0.9934612612667146
0.009133686119618257
0.0043454637619100974
-------
3
9.499400922516957e-18
0.9913837614546331
0.015203507254822815
0.00589537458888762
-------
4
