δ=10000.0
ΩR=1.0000000000000002
Ωprime=1.0000000000000002
62831853071.79586
628318530.7179587
628318530.7179587
99.99999999999999
4.999999999999999e-07
0
7.599520738013565e-16
0.9913384006083908
0.011726799849442563
0.006025852855765346
-------
1
3.7997603690067825e-16
0.9916652148207263
0.011659811685086563
0.005501601837896117
-------
2
2.5331735793378547e-16
0.9920221461362319
0.011778497670873602
0.004875391180333452
-------
3
1.8998801845033912e-16
0.9910197866544302
0.012522107958594559
0.005781321473722512
-------
4
