0.02 0.00024692811479348786 4.9476914644730396e-06 1.9558922721140493e-06
0.04 0.0009775390124302818 2.0049876495879546e-05 8.031800379272373e-06
0.06 0.0021782604687329375 7.312601767927695e-05 1.665587779532216e-05
0.08 0.003833298223624991 0.00010816880327103798 3.149208479270653e-05
0.1 0.00594239573957236 0.00016117687392801965 5.5492213352412434e-05
0.12 0.008449999126770563 0.00017728475160461052 6.473650886265545e-05
0.14 0.011374977339987092 0.00023828498453862425 7.980038150026945e-05
0.16 0.014756371621923916 0.0003277324196158931 0.0001345459141147903
0.18 0.018486697110553785 0.00043956641312008774 0.00017275090417810023
0.2 0.02256452162445212 0.0005469459929719968 0.00018729695856041417
0.22 0.02703667493602945 0.0007080133265247168 0.00024331183176643097
0.24 0.031894723260519245 0.0008677997739012546 0.0003188633021375986
0.26 0.037112235048442306 0.001510953939107399 0.00042011985583992654
0.28 0.04255549733707662 0.0013478890269140367 0.0004422240632929301
0.3 0.048315054985727496 0.0012402413691431733 0.0004576494517972674
0.32 0.05432223442135422 0.0012912768476538048 0.00046317588147560797
0.34 0.06066698174630277 0.0013546789554343963 0.0004925645014650312
0.36 0.06751676019843915 0.0021275129175775983 0.0007219005090937299
0.38 0.07450025232658856 0.001985050797256318 0.0007906208961883982
0.4 0.08162847482384322 0.0020156361966658168 0.0008175326400859663
