0.02 0.00032459651333136794 0.00018041307094053907 7.176649074044382e-05
0.04 0.001270615547830839 0.0008434760811129737 0.00034589423993616384
0.06 0.0025907545935602606 0.0017637114596216275 0.000684673658344463
0.08 0.004352141304081759 0.004209366280459176 0.0012570832162006208
0.1 0.006694215408182654 0.005572445689242441 0.0022858633360452367
0.12 0.008673310356071377 0.007638684248913554 0.002981980600770057
0.14 0.011229173535338118 0.010395742696277532 0.004654370270776542
0.16 0.013027343815667704 0.01320474315357838 0.00549317007122282
0.18 0.016160197356795244 0.015661313792027582 0.007080863377460036
0.2 0.019223396156600084 0.021825307963364012 0.008472866309934652
0.22 0.022110735527907745 0.02992307555481351 0.011255729940403698
0.24 0.021534711105404294 0.02123359110029971 0.011450610968057391
0.26 0.027042010672543713 0.036794147904700605 0.015066969998604138
0.28 0.027803030252275943 0.03174411429686996 0.017059319830155736
0.3 0.029149477598302997 0.03560514066043542 0.016910226872731356
0.32 0.037074213221050666 0.06280256165493661 0.02084826441303451
0.34 0.036852923944781964 0.05737041799404671 0.02263423355004314
0.36 0.04434391032374713 0.06096753684784694 0.02824901299872221
0.38 0.03972648252340902 0.06390201625434512 0.024515131681128247
0.4 0.04602057041257714 0.05413073481354369 0.028726022659370312
